<?xml version="1.0" encoding="utf-8"?>
<!-- Generator: Adobe Illustrator 23.0.0, SVG Export Plug-In . SVG Version: 6.00 Build 0)  -->
<svg version="1.1" id="图层_1" xmlns="http://www.w3.org/2000/svg" xmlns:xlink="http://www.w3.org/1999/xlink" x="0px" y="0px"
	 viewBox="0 0 1125 2436" style="enable-background:new 0 0 1125 2436;" xml:space="preserve">
<style type="text/css">
	.st0{fill:#FFFFFF;stroke:#000000;stroke-miterlimit:10;}
</style>
<polygon class="st0" points="349.5,350.5 247.4,445.28 112.5,570.5 252.5,460.5 244.5,619.5 231.5,785.5 231.5,899.5 231.5,1007.5
	231.5,1173.5 301.5,1079.5 312.5,456.5 372.5,350.5 589.5,336.5 589.5,539.5 395.5,525.5 389.5,845.5 575.5,839.5 562.5,1173.5
	686.5,1159.5 663.5,870.5 829.5,839.5 829.5,539.5 689.5,545.5 689.5,359.5 606.5,336.5 562.5,547.5 549.5,653.5 444.5,642.5
	444.5,559.5 538.5,556.5 544.5,685.5 541.5,805.5 426.5,796.5 429.5,707.5 523.5,713.5 792.5,702.5 781.5,799.5 695.5,813.5
	701.5,725.5 704.26,648.32 706.5,585.5 812.5,587.5 801.5,653.5 681.5,653.5 "/>
</svg>
