[-404.8228673246093, -399.41016564176374]
[-7.231467437517429, -9.654346534546544]
[24.59189765802148, -1.8962151107954444]
[1.0876665853867453, -5.737494792694153]
[-16.640470249337245, 34.050511293653905]
[-1.8646948164230568, 0.23540093440808274]
[13.43073368246235, 1.6677505656307692]
[2.38160679883998, -1.552720278812732]
[-4.290148739570309, -0.5592065647178917]
[2.6088771182418067, 0.6891560848372928]
[-3.222427644973378, 2.596792078672311]
[-2.4810210121233167, -1.4361141829524962]
[2.965971721967035, 9.484058846746137]
[-0.5872795280759417, -0.11106904184125987]
[2.176852350272104, 6.608951965663055]
[3.302814808791708, -2.592541656450781]
[2.0089454247792125, -1.0130181183523528]
[0.47458828528162833, 1.2809796137341452]
[-4.976551242177353, 0.11250705902706715]
[-0.2773013857835389, 2.7394717163527122]
[-3.2131186669780694, 4.979249191688029]
[1.7763487390178656, -3.2093310509583617]
[-1.035322942576633, 1.1794114403350806]
[-0.8402618061757532, -0.9773013424494477]
[0.3968491791396209, 5.885087660783181]
[1.611771361926139, -0.5868697001980796]
[0.24343500228248516, 4.0065567135672095]
[0.032496533324294585, -1.5379747035465647]
[0.30947369926370616, 0.11031756012480431]
[0.5946451066572225, -1.713923010076221]
[-1.4687733750839476, 3.9299555262668955]
[1.6559364633129476, -1.1345680064345856]
[-0.8337799342587355, -0.7378227166787867]
[-0.3662415473417333, -1.3062932110344097]
[-2.5020897019642514, 0.5741769088403836]
[0.25189837143954863, 0.5133412895742477]
[-0.27337941212170946, 2.5535031913065716]
[0.4302680249488515, 0.30947006155408197]
[-0.4914537096101599, 0.2716604896202389]
[-0.7235572177928773, 0.36878552151642463]
[-0.9742924636254573, 1.5271429748187064]
[0.5559767216085922, 0.9694414438879262]
[-0.5096366011534301, 1.1603837797922332]
[-1.4133247985625397, -0.9503623457554671]
[-0.3446310611647947, -0.11874916075319875]
[0.10673662471841938, 1.3550194017594306]
[0.7773256334917251, 1.5604384612833109]
[-0.05834593109566688, 0.7340329214868344]
[-0.03318311614618619, 0.7590822518632769]
[0.7982693239047138, -0.009837445232547815]
[0.4614832285015984, 0.0101663783610145]
[0.6844429900360338, -0.37521804836263284]
[-1.230957470799951, 0.7315778561034353]
[0.3838575568972775, -1.4021133260029632]
[0.674528874793201, 0.28916725536991195]
[0.11599794666818963, -0.8335169673751293]
[-1.5167815121559025, -0.5523300032100014]
[0.14992728650721876, -1.7639446552344635]
[-0.5678676618949217, 0.46158984922006496]
[0.31404752059827507, -1.2100783944816347]
[-0.9388124053469511, 0.7456703392979547]
[0.44838293193973555, -0.45799233877801626]
[1.136673663297719, -0.4865145320702066]
[-1.1449593876638426, 0.15360411134306062]
[-0.4428171002494228, 1.9822194520055803]
[1.6519091326212996, 0.0029800571245628404]
[0.4419655488494838, 0.033477680191887016]
[-0.02038192191687699, -0.23528919175577112]
[0.1123145040793716, -0.37009882730199073]
[-0.7704637532964201, -0.16061290134933692]
[0.014929497359433164, 0.899006230728606]
[-1.0486178567213242, -0.028523851880140505]
[-0.7355995425887554, 0.6733300569739215]
[-0.12799221439953712, 0.24247979817336152]
[-0.47931277422828167, 0.5903768285265742]
[-0.13644753158084527, -0.07646568195041059]
[-0.5283237855089875, -0.013573401723657508]
[-0.7461484958431115, -0.22332322554869943]
[0.057817955852218716, 0.998544006686853]
[0.21281009619998636, -0.06961631514811728]
[-0.5903272056663091, 0.2952722483795329]
[0.7194229575203763, -0.7365946880648999]
[-0.30509681693561275, 0.6045674749738918]
[0.6250210006042286, -0.557088880779002]
[-0.14479350105058453, -0.207814669628968]
[-0.29397055698651264, -1.0700748305925383]
[-0.05850750334938537, -0.1242326901361448]
[-0.36202867421058627, -0.8226196837308226]
[0.029392996724612264, 0.9428740227087322]
[0.20739485492313936, 0.2175482894206291]
[-0.2331576641353843, 0.48174032720247695]
[0.4292247332012755, -0.39153901207465847]
[-0.3876292564274646, 0.6011286045800108]
[0.33639777582897734, -0.09675281608614927]
[-0.1252407330921157, -0.04591326876770507]
[-0.025431014545870934, -0.32967623352301034]
[-0.5947890552202728, 0.29424925240173994]
[0.4558296212216222, -0.48627623252418495]
[-0.17440231779721804, -0.24791040758461147]
[-0.36760987161208836, -0.5025679772080967]
[-0.5875411806614057, 0.46077136984027134]
[-0.08073499891265112, -0.02343535907698646]
[-0.44744892294434324, 0.821897917560158]
[0.677465774995256, -0.5473568657605954]
[-0.39519576957703295, 0.06733558382618554]
[0.23774059901843891, -0.44135719568499576]
[0.05317050051897532, 0.024869482009716837]
[-0.11504476491755544, -0.25670919317592]
[0.18241690622649998, 0.7726524238906838]
[-0.2071810438467958, 0.08375625823648791]
[-0.2882015307798529, 0.4137106162618065]
[0.16448376584731195, -0.5732511443461301]
[0.04036453563302933, 0.37603124608160265]
[-0.10606849443873645, 0.004166345806047467]
[-0.33691689841336236, 0.5582932794508959]
[0.344888665558861, -0.5479962268013976]
[-0.20432097574466512, 0.3239434178370326]
[0.014368433858469087, -0.23992788097832074]
[-0.35154873106624374, 0.4655811426214589]
[-0.1656171397014936, -0.3164205619256104]
[-0.09420473552098851, 0.4356193688531267]
[0.03851221204758182, -0.0955653969730137]
[0.08715360642854075, 0.25301513325532543]
[0.2555150981206049, -0.24858682437294766]
[-0.14695076174068689, 0.25859972393807196]
[0.23406312665886353, -0.2610428707689212]
[0.12302454381274464, 0.37405170212824834]
[-0.10345144169362408, -0.27832129303209374]
[0.04835039414474274, 0.47430444574481423]
[0.3487660214859929, -0.18837885872459825]
[0.16519764012921812, 0.1291943063755645]
[-0.09358095193076821, -0.19186505703702306]
[-0.26459766019529996, 0.5141801445678316]
[0.29171834589684975, -0.4056299095162299]
[-0.12062401652709598, 0.47803341101448416]
[0.1984947821448273, -0.21788044377914195]
[0.10426273458965674, 0.10608876655503119]
[0.09589803492530868, -0.1156826466660732]
[-0.15335311656497463, -0.15702919074865118]
[0.026832198067489266, -0.05064629482514471]
[-0.071131681742447, 0.09654521968699514]
[-0.10612522008268366, -0.11287452490398109]
[-0.019000178520800493, 0.24859841076221878]
[0.022224582119581227, -0.15500634949356695]
[-0.16182440541772236, 0.10062340777467638]
[0.01859132925335283, -0.358599037936435]
[-0.1344250924393331, 0.2432394372791422]
[0.33999308512713333, -0.37186753232254066]
[-0.2030475691343201, 0.10927656655152385]
[-0.02344013904554587, -0.10851280096565641]
[-0.07091983243730027, 0.22428287727126417]
[0.062186721253332244, -0.2964713825210552]
[-0.17054323313519848, 0.22449474375398326]
[-0.039504303296428844, -0.39319233637392037]
[-0.11214705640602796, 0.16745518630596612]
[0.016479320540558895, -0.2518837029368777]
[-0.02836711947732873, 0.1685340779378488]
[0.05981643491595756, -0.14810411917625976]
[-0.24631615743297425, 0.290765741978654]
[0.09143835684317181, -0.22631454018926966]
[-0.24116395728192902, 0.12164344016257123]
[0.12554547592237286, -0.15118270051293137]
[-0.16606906982405145, 0.05430767174692619]
[-0.015563808640353338, -0.2702088333447415]
[-0.05509369917873047, 0.27909181442470365]
[0.1209645553256955, -0.33424361623326215]
[-0.04416469328705733, 0.2900882777383924]
[0.15934549127176667, -0.043877550024676304]
[-0.023464542236430352, 0.31700349390490223]
[0.1813755067135121, -0.06919375886772672]
[-0.11933716396700139, 0.1718475844074976]
[0.03298921129894339, -0.049566177367118214]
[-0.19918190086689572, 0.27066431958628434]
[0.03027761004398033, -0.13490542769211838]
[-0.11663400522842601, 0.23171324031793006]
[0.21848001892564972, -0.24618237503945023]
[0.023582901814285566, 0.08567178571503264]
[0.05996373221642859, -0.272422192221874]
[0.0054740760514732645, 0.2658090855221873]
[0.25116574559889404, -0.02584826770513035]
[-0.06790628732030994, 0.3006347053120808]
[0.05275024729059119, 0.08193289740179871]
[0.016642533083027863, 0.043173428789177626]
[-0.050638425698197986, -0.17908288727669242]
[-0.11787035308835309, 0.09859749884200575]
[0.08941172806495223, -0.14064551466181854]
[-0.004284634379719265, 0.2789091903777865]
[-0.012139305069517325, -0.07994881177395682]
[-0.14436900838497976, 0.21472326225826333]
[-0.07061382045579845, -0.16184918484571473]
[-0.03310600454119178, 0.20427713940821524]
[-0.019360089648826184, -0.2096768943667267]
[-0.10619032782669341, 0.25622913294140903]
[0.15255842107991024, -0.05080922914441707]
[-0.12152671682217603, 0.11722721283046234]
[0.14694240118128332, -0.20942449562724041]
[-0.03263398716424848, 0.012501455237444503]
[0.03729763801765362, -0.25753944060545503]
[0.12040555620196663, 0.13200949116894756]
[0.061963003682725004, -0.14273171829991405]
[0.04194295891245425, 0.12070716332585874]
[0.16686026126281905, -0.14319080449606317]
[-0.06275177814545596, 0.09324842369587472]
[0.033669972681076965, -0.20931037563175459]
[-0.1402096346791007, 0.0668078175078135]
[-0.051803062678337786, -0.17513065799255928]
[-0.10812411116748166, 0.27773219482178413]
[0.02057069584511928, -0.13897556619398532]
[-0.08970217954894338, 0.3087629370510514]
[0.13478162010315997, -0.14503163989594597]
[-0.1852867019318709, 0.057203053192655506]
[0.046526082470898844, -0.1701704962142449]
[-0.052345143792578264, 0.15024736206891143]
[0.1015808071710399, -0.10504929157145079]
[-0.06715728079252031, 0.07746899044076183]
[0.008654404073545008, -0.14294219555146018]
[0.00968536953736665, 0.09799827644071119]
[0.1349546573539538, -0.04440939894751553]
[-0.04905935851145654, 0.16173832539870564]
[0.11027194154681857, -0.10971989851972058]
[-0.05791693902496542, 0.24309035826305078]
[0.008280444950619248, -0.13061962596951562]
[-0.024620405480035634, 0.1393629779662977]
[0.03859883163742983, -0.16969307208344553]
[-0.08953889522079675, 0.15601150541106173]
[0.008429155047360803, -0.1715470471887006]
[-0.04719892639452983, 0.1963974583332621]
[0.010873365922671907, -0.11834312038951314]
[-0.06594024460298803, 0.21170593092436063]
[0.04267703068647247, -0.09276706307969693]
[-0.1434006549756918, 0.06833033883156336]
[0.03270944443547605, -0.15819242845431675]
[-0.02716771311669297, 0.17661111341545174]
[0.05868076524459029, -0.07938586067614084]
[-0.016809184030595253, 0.06978816265571988]
[0.013098241406340999, -0.2057747094468601]
[-0.06711956496897345, 0.17488882364185357]
[0.054705805948827055, -0.137630466494572]
[-0.05770214380504676, 0.18433503930671202]
[0.14455577238803832, -0.09984860598254375]
[-0.07086223682950181, 0.13704698258648962]
[0.15940813740415033, -0.11714148714973284]
[-0.08152583653123761, 0.09066987732483923]
[0.018993634654596584, -0.12049353721368296]
[-0.04594989298780751, 0.16850111202015267]
[0.0016029094830593768, -0.1412337648980586]
[0.00973333110176252, 0.12157296020821758]
[0.028143583488523166, -0.12481873446707256]
[-0.08401499355322754, 0.10648229474515224]
[0.09635705846469549, -0.10985707701416214]
[-0.10544974397107891, 0.016372399456551737]
[0.03419316129303328, -0.10752514407842431]
[-0.13526472861054745, 0.15433264934120583]
[0.06422069003025035, -0.11857165901652941]
[-0.08113646915038375, 0.10308655795543459]
[0.06342516277570573, -0.1354718388850973]
[-0.03761310406733359, 0.15483745236905333]
[0.048942669246653275, -0.11080253863008122]
[-0.05558430256687277, 0.08581112313471335]
[0.016859243294847087, -0.1043130455138831]
[-0.031790058786174163, 0.1683502942540627]
[-0.00962808862560613, -0.09267429836869606]
[-0.11413890388274084, 0.18295923349311422]
[0.05745146081087579, -0.0926118309564819]
[-0.1602962985777249, 0.10271662227881212]
[-0.05958579819095028, -0.11757955988843205]
[-0.02940358881681865, 0.09599793742132579]
[0.014375915337454026, -0.10317405047894068]
[-0.04435381278149181, 0.12171209869050423]
[-0.008728131516827109, -0.10671509788212274]
[0.02584714506433794, 0.16865067985217436]
[0.0586969542345219, -0.12622454448371329]
[-0.054852036229967205, 0.1299293980310411]
[0.005287328783562056, -0.16700732737901985]
[-0.03112648410061425, 0.19058636043637123]
[0.10670895407047767, -0.14690738424490563]
[-0.08800556646755442, 0.14303175430467363]
[-0.009980107128570198, -0.19348371973434186]
[-0.054931280839996766, 0.1706818389619325]
[-0.016940990325882505, -0.14359068976300093]
[-0.06092284211707483, 0.1252906337552851]
[-0.037612358607770235, -0.04080250938194141]
[-0.1173822473048095, 0.06733545553745234]
[0.08541220660142776, -0.12182118274778403]
[-0.050876739412165195, 0.11242867268288323]
[0.06775811540398666, -0.10272585723026173]
[-0.057972706646031824, 0.15455350063927686]
[0.10443784001464812, -0.12001286332880101]
[-0.04654025196735534, 0.13637724792920425]
[0.0802868570760002, -0.15288271477685]
[0.030815484124132708, 0.09143464050491192]
[0.0978427935767652, -0.1646783150863217]
[0.03161379899473027, 0.12575074932042146]
[0.015977394330954714, -0.07154513641657978]
[-0.005051693985552053, 0.1527810065050271]
[0.12948448366247417, -0.08196094667770082]
[-0.06398012482483184, 0.05620864975179117]
[0.005843091292822622, -0.11052175219470683]
[-0.0955862551775224, 0.08461552929501587]
[0.009487884616744158, -0.07366032554326718]
[-0.030846516408592373, 0.06878955389543814]
[0.049802125282186624, -0.020387850185200618]
[-0.09745003807960917, 0.0699064726869558]
[0.0581379251698753, -0.12200004782894203]
[-0.046816175275484095, 0.06640786992960569]
[0.007548611491548757, -0.11557471846711775]
[-0.05396630859483298, 0.21145206890528195]
[0.06314049729838253, -0.088125262797491]
[0.0031655977528483037, 0.059653224569236885]
[0.023982935078690558, -0.10175754522318126]
[0.009012101159675878, 0.057830706453517816]
[0.03566993156905406, -0.09393742321193599]
[-0.03842722053703784, 0.08446308830713486]
[0.029928761438882404, -0.07074682034204494]
[-0.09113134024788117, 0.05141624972060693]
[-0.009422333308763992, -0.10295141041234346]
[-0.10583879661432027, 0.10216780375169959]
[0.02810141201769574, -0.08056223002230412]
[-0.03500759211161297, 0.09787597747861879]
[0.026980323031187012, -0.1341546283212035]
[-0.011242010306567907, 0.12194969032036188]
[0.08581138849284092, -0.07729174479322765]
[-0.01676429961384729, 0.07624681346546136]
[0.04041301800758593, -0.13330503094478963]
[-0.04597553383083808, 0.12947200772742265]
[0.023364745871475218, -0.09398753989188158]
[-0.06800160050082582, 0.1556523508063885]
[-0.02044138793882941, -0.07685892519096793]
[-0.04246073764838032, 0.11951736940651608]
[0.0686270544912245, -0.09962116684708289]
[-0.052609170957237605, 0.1207511488905339]
[0.022821586743010408, -0.06620391229270117]
[-0.014744729632969578, 0.07691728165986939]
[0.08639981758969545, -0.08755177030204786]
[-0.052990390967534995, 0.09318213369061823]
[0.03733389382765301, -0.09000035135870166]
[-0.05103896997740165, 0.12507350363262015]
[0.06309277501037847, -0.11872451589466138]
[-0.028540847847613793, 0.08084645909676291]
[0.07116392518431808, -0.08870338526021726]
[-0.035955330528712026, 0.11137365762220508]
[0.012300675278723527, -0.08431636461874148]
[-0.028108672992778416, 0.08607148242554102]
[0.05489044566280432, -0.08966860921916009]
[0.002515428997379776, 0.10037208654157603]
[-0.012698836136482372, -0.09186530254155867]
[-0.06203354476750789, 0.10017388065539934]
[0.020827749700168263, -0.06520015271994128]
[-0.07182265094177698, 0.09754091621938066]
[0.04146734310551731, -0.11087524225758871]
[-0.028595882128677585, 0.05760616488637449]
[0.02739734314161163, -0.07680746630450963]
[-0.031432125376132936, 0.12769636727380262]
[0.07417557690834947, -0.03659134045133017]
[-0.004073045892088567, 0.05454222117250451]
[-0.0028311981587411106, -0.09984519904838596]
[-0.0468858718432934, 0.061492717127023755]
[0.05598793150637765, -0.07615116249586085]
[-0.053964957486755005, 0.02075613471499227]
[-0.03466078203037226, -0.0852146092075814]
[-0.04100601534348802, 0.12384540730618077]
[0.021786236979056017, -0.07523364967073132]
[-0.0443808751487732, 0.10116863638541407]
[0.04575679337279337, -0.10798190891256154]
[-0.023883889145294934, 0.07813953776983051]
[0.03469617186590912, -0.11534950976803982]
[-0.005235500642999824, 0.10054374509316999]
[0.061174713805805414, -0.06001360408233769]
[-0.059771307785744465, 0.09432467429898483]
[0.041225384483669525, -0.12152122240366325]
[-0.01555386240158807, 0.07420060212356383]
[0.0179109135848311, -0.05826062134163923]
[-0.01939005145869921, 0.11968126202791995]
[0.02517201079715148, -0.07362791819759973]
[-0.04808893789744928, 0.060870104530279634]
[0.04855437467761159, -0.0682751313533907]
[-0.017295458769719052, 0.1003507753782813]
[0.024080479065745397, -0.11243079315509674]
[-0.05726165193042021, 0.0713789219941463]
[0.017109923052862408, -0.07756369429135468]
[-0.03959335294817201, 0.0839853685851174]
[0.009869531632605733, -0.08583671976912666]
[-0.03183559888068532, 0.09296278793042578]
[0.05501777823542253, -0.08456938991548935]
[-0.03551837736327923, 0.07337355194223627]
[0.038478009182632666, -0.10597932023211903]
[-0.05047552162570085, 0.06374581452877404]
[0.026298206767449428, -0.08594500364574326]
[-0.05261941910799395, 0.09077478466348643]
[0.048903468381466086, -0.06075360396515933]
[-0.012918078637672636, 0.1094293649888387]
[0.051849318577857684, -0.05984839071612391]
[-0.04096599683699903, 0.06475140322738093]
[0.06907556268696668, -0.09427170251956118]
[-0.030491847694796903, 0.04423953992714125]
[0.006764607606193351, -0.08318692297215413]
[-0.05071720040918193, 0.07304518419707795]
[0.014583050673793396, -0.03691621073335827]
[-0.04366093275958102, 0.09736690333786968]
[0.023065225097143593, -0.07057515514471491]
[-0.0295917226655521, 0.09535009299275476]
[0.006003119479210728, -0.0798110866410705]
[-0.08449800734032556, 0.06429169393966672]
[0.05604092123208848, -0.06515928788648445]
[-0.027675968104844045, 0.06785191016854608]
[0.02940601160406564, -0.08243300821372562]
[-0.05142769653926951, 0.05621841604911293]
[0.018876651949419343, -0.07654009328873668]
[-0.04188473083075234, 0.06087635139777747]
[0.0015910505893349525, -0.11425332273381705]
[-0.019482978015482363, 0.10948703855987674]
[0.033253498145554894, -0.059456449722780996]
[-0.045885125187252324, 0.07816091974044015]
[0.03154699292790086, -0.04588710618391065]
[-0.027178982869985963, 0.09242271302172422]
[0.0054591136539094975, -0.06404744858907546]
[-0.042770303113275586, 0.09710979476075354]
[0.005977801512413894, -0.06616098707850881]
[-0.02662787162910332, 0.09738386636569318]
[0.030430788338008052, -0.08412178135111004]
[-0.011177901563027736, 0.0839997220323434]
[0.013127403948168581, -0.07315766565367025]
[-0.027051592198643185, 0.05879355107609585]
[0.03735339615340927, -0.06988317388916124]
[-0.023130357527486645, 0.07881236068985775]
[0.04298483602868042, -0.09316952279001854]
[-0.02848855027771731, 0.05895673656098688]
[0.02363490557951564, -0.06549581308885673]
[-0.03928701404411002, 0.050634547817893116]
[0.01925106472656457, -0.06651410571830539]
[-0.034860881905238714, 0.09344501142153394]
[0.01137042319600845, -0.06210653015728975]
[-0.06418400749755344, 0.08110874950762303]
[0.027076461696029397, -0.08663813353841322]
[-0.026705716327497506, 0.07089202051587362]
[0.005982041575119057, -0.1066963249683664]
[-0.025698528768801923, 0.06277778491296421]
[0.039395319705782916, -0.06984169472903404]
[-0.006439915144083583, 0.09109395911151497]
[0.044191292847595764, -0.055566038457521866]
[-0.04580317362151136, 0.054270388212260434]
[0.03458513112318906, -0.07226102006355706]
[-0.0303071254117753, 0.08655718880757274]
[-0.0036779417094744415, -0.06768883259194364]
[-0.040485010879368205, 0.043973285434769194]
[0.01869137497151563, -0.08407914509554254]
[-0.048827235212579895, 0.072203895676893]
[0.016173785229450843, -0.0833700964179457]
[-0.04039345852997761, 0.0720746864505003]
[0.045506241634863276, -0.10587898016978375]
[-0.049329961465026995, 0.08203103504601306]
[0.024404719722649015, -0.03902976111152853]
[-0.0325929960886317, 0.07949833578522664]
[0.026546730424703402, -0.05484684622375767]
[-0.04617411868738294, 0.0872174011441457]
[0.044101112389528296, -0.080562715809647]
[-0.017101535095173537, 0.06516543043643055]
[0.02087299644292684, -0.1042701685607995]
[-0.025643163959849696, 0.08154316909808859]
[0.023439609095320335, -0.05645693766284997]
[-0.03857815663596681, 0.06278788920701]
[0.032177725540247615, -0.07269692451955964]
[-0.03567501133947548, 0.06740583862277394]
[0.02271906160530629, -0.05148535364705757]
[0.002813051296368496, 0.03516433442282563]
[0.05369927353751658, -0.053457219437650014]
[0.003964249731368288, 0.10270752908607983]
[0.038684335201735726, -0.0642660889075063]
[-0.021808859385312143, 0.05097493037029571]
[0.05003246795387825, -0.06965557053357073]
[-0.024587168243160762, 0.06742718619175758]
[0.019765673215409715, -0.048898405287644]
[-0.015182161346779952, 0.08826767970241864]
[0.021979178444890765, -0.03610898959584418]
[-0.04200336906256068, 0.05132171577145726]
[0.03700044892206465, -0.06453641249097708]
[-0.02780330483081979, 0.06645468153517921]
[0.011357411083972493, -0.07536350052974028]
[-0.05246120626223158, 0.07307767549865943]
[0.002348150193575177, -0.04988666880255474]
[-0.011782057947615374, 0.09669325841914354]
[0.02163632724728156, -0.07950758200096011]
[-0.03079037056882073, 0.044189120911971344]
[0.04010361258673983, -0.0581230401810903]
[-0.007457711532512658, 0.0479572677763776]
[0.028931946619150634, -0.04833980717674191]
[-0.05227054852101324, 0.05664593123331259]
[0.018568427568483512, -0.04695501709420926]
[-0.038536004449913855, 0.06479157952657802]
[0.018812859640541607, -0.06897282310903427]
[-0.028307114496580577, 0.0874631258232094]
[-0.009414118454413738, -0.051959150919680105]
[-0.0201066598525629, 0.06920632090199663]
[0.02733809025504686, -0.06159672326562385]
[-0.045148621007571846, 0.05250144854996988]
[0.021493660480135325, -0.07887675695881413]
[-0.034665823996152145, 0.07674029499975377]
[0.038676895006909864, -0.06546414134620498]
[-0.029973333227079374, 0.053293902446148254]
[0.0389532192734951, -0.046468114122250374]
[-0.039791045139434635, 0.0819813084204856]
[0.023653949784058284, -0.08733511634321102]
[-0.012945528951606375, 0.048778618794250814]
[0.02079185278346493, -0.053855576256808826]
[0.027710855747564336, 0.07535439150247839]
[0.008382394130040244, -0.06900458125152283]
[-0.03446394863279356, 0.034062767873689836]
[0.014806789772270332, -0.06120331343478172]
[-0.015630066289105182, 0.07225903073532516]
[0.042414169400757304, -0.06534146899342577]
[-0.027052456916097117, 0.07094816841391227]
[0.010360311618661841, -0.03935468059301128]
[-0.04246621718761209, 0.05090971602674679]
[0.03520957600630169, -0.06281955406731285]
[-0.017277142949451624, 0.05644728069403805]
[0.027349380878350524, -0.07365019903902004]
[-0.006823858481682127, 0.0719490909243559]
[0.047632136905826156, -0.046213453766346446]
[-0.00813689258906361, 0.05468723438105459]
[0.023861359644649166, -0.07143566959774872]
[-0.0345979568033149, 0.06853998002948736]
[0.043348306223831456, -0.05835818920392352]
[-0.035934087614011956, 0.033106876082224276]
[0.01666428384225163, -0.06332874441573982]
[-0.008731418302392824, 0.05445476607161985]
[-0.011393966383613646, -0.061474970863566986]
[-0.025226725159804675, 0.07905839230016151]
[0.03601843682611833, -0.04861786250496525]
[-0.03764297965436014, 0.07486685281591993]
[0.010572005935780393, -0.08407198766700186]
[-0.02343593020300666, 0.06746896940340194]
[0.030506920409220345, -0.030611079900325966]
[-0.057431660558045605, 0.04608036883472748]
[0.031250150659754714, -0.051277927520374134]
[-0.0368494819093817, 0.05995631282022778]
[0.022053739482758142, -0.04645135443811882]
[-0.016108136707897014, 0.05698117175130246]
[0.018404756458916788, -0.07701665787824302]
[-0.010473129710678875, 0.057987092266229265]
[0.026740209415259605, -0.05553935236041313]
[-0.03233294664222741, 0.057506085332634176]
[0.02238118233776426, -0.045742153797285134]
[-0.04144815085999021, 0.05374453248352254]
[0.03233542204060162, -0.06470483435520336]
[-0.01868557377415675, 0.06786335516034685]
[0.007621817423609734, -0.06036443210844139]
[-0.044629001714699745, 0.06816717652154056]
[0.03093886355815572, -0.05223577267348489]
[-0.017436258539421046, 0.05199746742075036]
[0.0236213903617188, -0.04760653081903221]
[-0.0144843806358258, 0.0648917651374483]
[0.00975115334155973, -0.04923963168019296]
[-0.028236644647805842, 0.053636265431768415]
[0.024295089655950095, -0.04554616230462]
[-0.014886688275715154, 0.04721913052529132]
[0.024873486152076345, -0.06505254214942346]
[-0.015174196670151185, 0.03335604833760536]
[-0.01198668613860704, -0.05191979180883943]
[-0.019802924622211393, 0.06791804251828276]
[0.018006654493835806, -0.053151515853440856]
[-0.030549836746173065, 0.05903479892280969]
[0.01289730005216233, -0.0740261329981281]
[-0.02717679806363621, 0.0691759150476422]
[0.019135150671467323, -0.04383816016061254]
[-0.005804797028865383, 0.043261341399802006]
[0.022288885441453618, -0.044354188327010546]
[-0.037442055037565536, 0.0704260001991959]
[0.03409225783637054, -0.03275421260744038]
[-0.02288658093106033, 0.027111551521653426]
[0.023424348682998433, -0.05891606516940456]
[-0.024584614702329755, 0.05352445198960237]
[0.018710348590754253, -0.04320368816878495]
[-0.027903190443888892, 0.04938154407247314]
[0.0222131839203511, -0.07494905975923172]
[-0.022953870847199298, 0.05997082182971569]
[0.012311818809176978, -0.06712258568013141]
[-0.02821751674178563, 0.060538103653619946]
[0.00859785917938699, -0.06723599164561023]
[-0.033111198516522444, 0.04865100547674206]
[0.013470802006876198, -0.06511114226234149]
[-0.008169928293089934, 0.059310663971260336]
[0.021706402819299003, -0.03883001998209146]
[-0.04036733830692091, 0.05325719485037084]
[0.027681922614066684, -0.04574430502533666]
[-0.01918229997337817, 0.03939887152573751]
[0.02767391407640571, -0.05373469415889587]
[-0.02912669063520923, 0.05736487700804299]
[0.02142968287001734, -0.03542803951284945]
[-0.02978810265473847, 0.04954809689376927]
[0.012799544057454454, -0.07227235137280957]
[-0.03725087040021441, 0.07408096208224324]
[0.011340774542272614, -0.06106832664152362]
[-0.009796198904241105, 0.058496293197817295]
[0.031204042138055, -0.053482521722973575]
[-0.023929272066408824, 0.0579260653195105]
[0.014288714037734629, -0.040345829207805106]
[-0.021270366645780192, 0.042262043849024766]
[0.013571018265008339, -0.04188561782308353]
[-0.02375896043394593, 0.05666519040130569]
[0.005604882908776698, -0.05202127952826424]
[-0.021835685221095302, 0.051943145545356506]
[0.008951586807554535, -0.05354765235041503]
[-0.016901945224113923, 0.03488806715897641]
[0.027063917268471183, -0.04202041922062444]
[-0.03271543276900729, 0.03602702016283754]
[0.021523597155434115, -0.05078038619940667]
[-0.016916315958168726, 0.05367214553894584]
[0.011110244425491245, -0.05347865672923763]
[-0.022398099672277683, 0.05996383848056491]
[0.027725741541480053, -0.048255999987471654]
[-0.028824933925473306, 0.04850934407000168]
[0.009943935643956237, -0.052816156659438396]
[-0.026130875395004305, 0.06044976821089393]
[0.03540220960947549, -0.04616149587879875]
[-0.023000577070467376, 0.040666731844638704]
[0.027857870220528935, -0.04854210179169238]
[-0.014719410698135427, 0.04430210250076577]
[0.005466653786228348, -0.04595144336354012]
[-0.014894763600041216, 0.042172958935288385]
[0.01931659370474259, -0.05954541251722256]
[-0.0159284996906639, 0.058423452990007174]
[0.02975110672803627, -0.050238129849975666]
[-0.02525345490614328, 0.06744156628956627]
[0.030379156256464646, -0.05697843229746641]
[-0.029191743128472114, 0.05616883773363507]
[0.012791337384466306, -0.0694218441184351]
[-0.010999779116289243, 0.05271219980838704]
[0.02869637465644309, -0.03321444538262547]
[-0.023176193799712252, 0.048043140987626354]
[0.020215033401430937, -0.05692337999011604]
[-0.02064922059124194, 0.04213467184948916]
[0.010463658736490633, -0.045709291808891384]
[-0.025899106271524253, 0.0575685043520488]
[0.02289886954584608, -0.0386792945488294]
[-0.029616851688518075, 0.06047273637716866]
[0.016716079120277727, -0.04508616734724141]
[-0.021786977706766963, 0.05333025926219109]
[0.03443458530890764, -0.051735666347196646]
[-0.018093344333318356, 0.05069123235230982]
[0.01839234221303443, -0.05630276522817079]
[-0.003839717264151804, 0.04830557606889435]
[0.009909550194820815, -0.04407097062715487]
[-0.02413442343447597, 0.042601112690029086]
[0.024271932487494374, -0.04868296348322193]
[-0.01281537208575545, 0.0502058657605437]
[0.01159399615680401, -0.04804275205594291]
[-0.028094271972914905, 0.05784567133463436]
[0.019935780252004154, -0.039767176824639844]
[-0.023598979252558924, 0.03088296414008429]
[0.013791558422493355, -0.037418434630226066]
[-0.02628539803173642, 0.04387162214473084]
[0.013269002901794169, -0.04399969157237693]
[-0.009883940739022573, 0.03826765213929334]
[0.022668354935991397, -0.052946558142951544]
[-0.011283843925059267, 0.06031672252918452]
[0.02446112367271408, -0.040957105837933314]
[-0.023445663616467077, 0.05700301901181454]
[0.029624306278291046, -0.054684046902086475]
[-0.02228968605761558, 0.04216324921530329]
[0.009427277672434953, -0.030691245269818382]
[-0.0047899131939242445, 0.0449089559111579]
[0.02287307520605969, -0.04796707755187434]
[-0.015872155951870873, 0.04049978356524775]
[0.0123031694680108, -0.051548911886819995]
[-0.010514521213100998, 0.04861322949897956]
[0.02974492121427924, -0.04948176380039555]
[-0.03631943166437622, 0.041413189324874755]
[0.015370242178053772, -0.04478660190399554]
[-0.010623742130823871, 0.04260092078429262]
[0.011231198356239758, -0.0369025683745656]
[-0.021632659218790772, 0.05308195770376606]
[0.009849127516370626, -0.048821416771419865]
[-0.02917305860247133, 0.053061726251149244]
[0.015297137319202958, -0.06505743470972733]
[-0.01222682439614163, 0.05038060124576499]
[0.023053171463911393, -0.049049126863564343]
[-0.01961258342170323, 0.04713013045708986]
[0.025170338489323818, -0.0450334056433424]
[-0.019411654402528344, 0.04696089327241998]
[0.016379392901611334, -0.03652996462022388]
[-0.03522728963373731, 0.039053474257717324]
[0.013011746048553874, -0.044129435103727924]
[-0.02412093656928152, 0.03823670130932649]
[0.007219112728851285, -0.036637233944543796]
[-0.022791122169464023, 0.03855954003142337]
[0.028829066170874718, -0.05241625713958391]
[-0.014624325409039796, 0.03600540265841662]
[0.025538813945091943, -0.045549665854684805]
[-0.018498388482864156, 0.04825502203811505]
[0.02566151016848192, -0.05574917720316943]
[-0.015607279733335422, 0.05279252275115323]
[0.01664187714289686, -0.037910730355135425]
[-0.04246807397775161, 0.040686998537707714]
[0.02397977072560903, -0.052036942589361604]
[-0.013979784846360574, 0.04558440455996532]
[0.008000756921204527, -0.03966826923239359]
[-0.018852266962053887, 0.05660312083532179]
[0.021959812856942984, -0.043300277624775244]
[-0.01636341509693144, 0.04770399658296026]
[0.017592183076098666, -0.04187909936244867]
[-0.005565839374589099, 0.04691221881396948]
[0.023414453360834697, -0.026716740892169112]
[-0.017144506667830503, 0.04787362514486315]
[0.02455406866083562, -0.030441951230873142]
[-0.024204252186118963, 0.03641195988017554]
[0.006728809951792564, -0.04151321729407303]
[-0.016764825275992393, 0.050130745144191136]
[0.015121788107447076, -0.034388341433379516]
[-0.004502496338349801, 0.03965197593655276]
[0.011360770475112802, -0.060237111628118706]
[-0.014845189478618154, 0.057911379840552724]
[0.01653578482952546, -0.03473215381665459]
[-0.027307989926030674, 0.04648136324984972]
[0.024516252306629724, -0.04400280795834993]
[-0.01810789610158224, 0.04129250083129836]
[0.007530675954367211, -0.036443704082456424]
[-0.02573634839644641, 0.03093919724158102]
[0.01067696053343252, -0.040610369644925454]
[-0.004514712212495844, 0.05118334211485069]
[0.021010325049349715, -0.04492178899942531]
[-0.026427506940951834, 0.0410767586050267]
[0.013136551035553515, -0.04078520960927583]
[-0.0028939700168363267, 0.046612998926810915]
[0.022119397904329853, -0.05145991759478769]
[-0.020927088293864998, 0.04263924514135818]
[0.019643829627277197, -0.043656800678763]
[-0.01586247262927159, 0.04838333475206018]
[0.017382956184778205, -0.03852876836251844]
[-0.02393199240712616, 0.02476998461313223]
[0.007146605513179086, -0.04671003606997003]
[-0.013732361628878705, 0.0406392102624334]
[0.01385064376926002, -0.03364391227802802]
[-0.021641678358694745, 0.03801527840912238]
[0.016946570151450065, -0.05157034978208783]
[-0.020883797366560028, 0.03752673069573914]
[0.014536730433805541, -0.0520340873820579]
[-0.007713477367841649, 0.04266952106426342]
[0.020050826207674503, -0.03886509267042282]
[-0.024831169081852185, 0.0388162397649415]
[0.019838132984816972, -0.04680662824508784]
[-0.01961403890246282, 0.042215795870563344]
[0.013333491953481658, -0.032459034843449294]
[-0.02888208880821111, 0.048493109565375656]
[0.017576085582681172, -0.042042464137936525]
[-0.01910662469718616, 0.043064628090184645]
[0.005087393853166172, -0.049029407688023274]
[-0.010332732736519842, 0.04235655252644531]
[0.01983171556144054, -0.03772514673985233]
[-0.0232772080694712, 0.03353014802500098]
[0.026892673445013532, -0.03846918236048845]
[-0.0177753492522483, 0.04783728557658499]
[0.015659500537837295, -0.02630069109183157]
[-0.026234627043275074, 0.04012252866300808]
[0.02089622036183017, -0.04105492535542307]
[-0.017683534809308482, 0.0474444821311036]
[-0.003531339027826305, -0.03929238671734331]
[-0.01432971817427478, 0.0426635303406906]
[0.041040822565354185, -0.04019643617986465]
[-0.017313468912951838, 0.03626728777206434]
[0.011581078065170072, -0.043033086081178756]
[-0.01558072706325675, 0.038926977078707875]
[0.011889963785219143, -0.03922636673490554]
[-0.02705215054824764, 0.04709948292699932]
[0.016874058514515483, -0.031086823257209545]
[-0.012897899204675017, 0.04230858239645785]
[0.024541705912360864, -0.03712597110502344]
[-0.020009524751304547, 0.047250132001764845]
[0.015090118905439057, -0.04872108828874652]
[-0.004006018548120938, 0.043861175870537214]
[0.01504996311861223, -0.0400366421489938]
[-0.016907399141504742, 0.05127842077802851]
[0.016081985685231073, -0.0497073974478649]
[-0.01330929669938205, 0.035317769224433485]
[0.01638067919171303, -0.034430700285008026]
[-0.012606557634206844, 0.0325094197271563]
[0.01702849310223864, -0.03704295872146682]
[-0.026932551409769523, 0.04142134282173848]
[0.011667633915984923, -0.028906115161681012]
[-0.013985649404284095, 0.03856232394074271]
[0.003216164345652847, -0.04984149837919244]
[-0.015112719398352403, 0.05161500467871506]
[0.008347159334036666, -0.042484348858687404]
[-0.022667245630231925, 0.03735772912149647]
[0.011289082939846595, -0.050247323396984955]
[-0.018771390142992117, 0.037954469331735345]
[0.013836823400427571, -0.04127488854757905]
[-0.01898894194761569, 0.03350721678675685]
[0.023658819233786564, -0.03922550152704202]
[-0.008356995080968599, 0.052174094588462165]
[0.009810534051549212, -0.03893534192808756]
[-0.011578721220891874, 0.039738732596025395]
[0.010324513967577532, -0.03626984471816164]
[-0.021547805804706666, 0.04841146650399859]
[0.022293274209859562, -0.04266759846074297]
[-0.01601102792378367, 0.032313410525350604]
[0.016343744780999245, -0.035134669835668986]
[-0.013668859249177712, 0.031180411519599834]
[0.01866073748718361, -0.03196403073516696]
[-0.020566178733460505, 0.035217364925275746]
[0.021868035532328967, -0.03359994915726067]
[-0.01920545872455448, 0.04828106385356427]
[0.009923357829561632, -0.04041627636402578]
[-0.013487419083637153, 0.028823327802745977]
[0.02203988680212388, -0.04611999015384799]
[-0.016313021329194877, 0.042953275710404526]
[0.01987799708969283, -0.041981099459952986]
[-0.009130021333749239, 0.03684330466140408]
[0.023659182173157843, -0.03392082065744151]
[-0.008209883489665448, 0.04450351604135008]
[0.021184657887341606, -0.0438014303735032]
[-0.00925408706969666, 0.03505823854228478]
[0.01554647607637525, -0.027785685010647043]
[-0.01899999471270869, 0.0414010097517708]
[0.016933811644177857, -0.027671607769563622]
[-0.01048097481041882, 0.0358467140616114]
[0.009281842718125724, -0.035742065302203085]
[-0.01899557188948242, 0.04011637921728496]
[0.015344510243697485, -0.039429533115363125]
[-0.011883334880130658, 0.041173005101050014]
[0.01785923800503969, -0.0422194119780388]
[-0.019646670694955293, 0.0313919686904284]
[0.01845736858581286, -0.04205446677372776]
[-0.015215459480889204, 0.035160026699339236]
[0.012014293512465107, -0.037222736289690084]
[-0.02572249958917172, 0.03582947983577453]
[0.009236963541651738, -0.03477776149519696]
[-0.01356802401886803, 0.05177814325531788]
[0.0132724367572164, -0.03850045539654362]
[-0.014323363388175525, 0.03374568796651292]
[0.016998247587564796, -0.04215225735787265]
[-0.011695647228876449, 0.03677019632338108]
[0.01550420303884939, -0.03297614941978638]
[-0.023037003660899946, 0.030373252951448354]
[0.015212174049856086, -0.030012100118853635]
[-0.017699547498835067, 0.04020792160842954]
[0.01833667194504532, -0.03460180670706231]
[-0.013543350568582135, 0.030602128817768554]
[0.008662846133788454, -0.038580538909090634]
[-0.011323064727604248, 0.05096319357812418]
[0.0176114855567798, -0.038859348990732456]
[-0.013403660747312307, 0.037570642810212274]
[0.012716886508507608, -0.035687777151152844]
[-0.010676431101114658, 0.032157150543909496]
[0.009363328250486053, -0.043235193446719555]
[-0.01432474427050845, 0.030736139098200388]
[0.012321837115432721, -0.03241098563650174]
[-0.022567174135231294, 0.03994245779205108]
[0.017588128070187503, -0.03607079420485365]
[-0.017938815908743744, 0.03887307430086051]
[0.018643463216716755, -0.03536328572483116]
[-0.01838399298649923, 0.04110528012731135]
[0.01744756647998852, -0.03563263303100367]
[-0.0046289004380474785, 0.03739729558469945]
[0.015024207637867548, -0.032856180833516546]
[-0.015758051614098156, 0.0329639836476634]
[0.015549198610330772, -0.03959233106426602]
[-0.014892062582935517, 0.03287750963311403]
[0.014700801076434789, -0.027659467222506562]
[-0.015260426934769478, 0.03647708054766646]
[0.010970955570895835, -0.03807028469029994]
[-0.016222714077685607, 0.04232252258315572]
[0.012164316729652958, -0.03077155188276487]
[-0.017743084583627028, 0.03432624631658482]
[0.01248951556604988, -0.04293686555871304]
[-0.014308065093752348, 0.040570302786530676]
[0.010707736766586207, -0.03744171691712306]
[-0.015652695242724668, 0.03207243440797847]
[0.02114695913437936, -0.036225933196130045]
[-0.011263281786919821, 0.038109991065664595]
[0.024839062763501563, -0.033943695252493356]
[-0.022580401386867816, 0.0448816917501802]
[0.011837573636102494, -0.03528822661371367]
[-0.012161013294858358, 0.03600938938264331]
[0.014490379680649812, -0.03838012673176394]
[-0.014768055036883304, 0.029998303561246886]
[0.008318911960084774, -0.03564686188387192]
[-0.013740986404763011, 0.03965432549610748]
[0.02146037992783123, -0.037320050714178404]
[-0.010898423941943763, 0.024345549105336095]
[0.0063217144137246994, -0.029231977476492255]
[-0.014840360599429114, 0.041334421841406566]
[0.016286594707052293, -0.029880502641275758]
[-0.01707537753302482, 0.027742748567543052]
[0.013694200617211216, -0.04433874845935251]
[-0.005069700094235116, 0.04348781546445235]
[0.016530966513952527, -0.03705558438057502]
[-0.01691277093446876, 0.030793445478995707]
[0.013230190163688427, -0.03426484422625384]
[-0.013255871965031266, 0.03437794250776838]
[0.0029497946189487867, -0.033214017674603885]
[-0.01481538906465718, 0.03213794320610425]
[0.015659637218669198, -0.026528483570521122]
[-0.02113269733277963, 0.03350112968949387]
[0.016227068668505595, -0.03547607416689766]
[-0.021102325307224223, 0.035686664004198065]
[0.01604576698541682, -0.034727237775520364]
[-0.021136881275565914, 0.03317436941489815]
[0.01752619229215191, -0.0452471727951429]
[0.0007626052663365565, 0.034359704142952474]
[0.004841836851293246, -0.026232833526220523]
[-0.007142450684329053, 0.035861224654845314]
[0.013144050593670686, -0.028991048762903746]
[-0.01118151479880337, 0.030352404651938225]
[0.013973483835456657, -0.032423607703587654]
[-0.01934045000714921, 0.0382157427022215]
[0.00678712621043609, -0.03422458041167789]
[-0.02074357158346434, 0.0328549113277265]
[0.015399047113951292, -0.03078020040497892]
[-0.01849856247613431, 0.03355505107420442]
[0.016045857851041234, -0.03563460102387666]
[-0.017683219705004544, 0.03619679811500803]
[0.018322723114778117, -0.03139679952720235]
[-0.019575038966876752, 0.03455642758400962]
[0.012831808600111128, -0.03776835854652607]
[-0.009881228784007785, 0.03658097368835361]
[0.02183466419658492, -0.040138244208950694]
[-0.018360232433514423, 0.035622894192604504]
[0.019470050180876886, -0.0357732658449918]
[-0.009956678774330471, 0.035895258543197944]
[0.011777310800860918, -0.03237912937972872]
[-0.017048780960101394, 0.03520201850775051]
[0.008460741267524552, -0.033807849645062255]
[-0.019600983124726648, 0.03738291000036162]
[0.01644356739870903, -0.03152899012926221]
[-0.013404807718056556, 0.03403022227610519]
[0.00913656275515956, -0.03484338940519512]
[-0.015293756355591166, 0.035260890022906305]
[0.011199707778359658, -0.03483076057307721]
[-0.012908024673463657, 0.02768408837176098]
[0.012491572042828886, -0.03134143796636621]
[-0.010219477619792423, 0.034273188493285534]
[0.02002044318476945, -0.031997325372180876]
[-0.010990146068821788, 0.030969104800609965]
[0.00749131954362281, -0.035810813738745687]
[-0.012865477805573691, 0.03980406987814755]
[0.011706480443005735, -0.03210165054111201]
[-0.017717702444894304, 0.03884124749146395]
[0.014305582186591587, -0.03120001456022411]
[-0.012603048542811537, 0.03230538869638516]
[0.01156939081446906, -0.034939970463687235]
[-0.01006376140177237, 0.030681056561646575]
[0.011259815343741764, -0.02858972551416565]
[-0.015305598691492214, 0.03665287486354207]
[0.019636918638377077, -0.03256667836563601]
[-0.017302073354159953, 0.03504237199536815]
[0.008558994910288775, -0.03285928850725063]
[-0.009858854365176542, 0.037314777370829014]
[0.007919750568441838, -0.027293601575934225]
[-0.012616600223575553, 0.029594694619835687]
[0.013332746830387682, -0.035201223952231436]
[-0.013984388801091471, 0.03135230154707781]
[0.00836866197135569, -0.03497085511471099]
[-0.009820595943135585, 0.03260696692267098]
[0.01750926418532213, -0.037147302455696286]
[-0.010825713432035776, 0.04398992503753281]
[0.013346138677291133, -0.03359886797223279]
[-0.014783748479429114, 0.02887637971976066]
[0.015035172932317237, -0.03632454813080091]
[-0.015374153102478035, 0.03887287105372825]
[0.016469407147927287, -0.03332687640256773]
[-0.00678978976761848, 0.03669564941400057]
[0.015906817470469153, -0.026086999503007753]
[-0.019786628161374428, 0.030238298274805023]
[0.017901802592942738, -0.039759719890253065]
[-0.0065875326130223, 0.027360691782700883]
[0.012058264944748188, -0.03656131831542285]
[-0.020210115919119018, 0.029767556170099456]
[0.014226393579547449, -0.033737093785767155]
[-0.011923948875282253, 0.02804516126106915]
[0.008902831463410327, -0.034575460827871086]
[-0.01327010331466788, 0.03331758417010797]
[0.0218149909746733, -0.03185154355907304]
[-0.008182025578620338, 0.035074286567931]
[0.01684427372850928, -0.028837576335427766]
[-0.020590340756237818, 0.03136039072365053]
[0.015371169750507323, -0.03180384514297003]
[-0.018765543801574462, 0.032802697593526844]
[0.009735826273756572, -0.03342794380522472]
[-0.014363274375731492, 0.026406520748355106]
[0.011331358914128883, -0.0301783768287269]
[-0.016963719246036763, 0.03786903498161207]
[0.008872016842139278, -0.026842997425464178]
[-0.011133917540612832, 0.03412642904593606]
[0.014991504431208596, -0.029431056119944326]
[-0.009256042058307195, 0.03311089536243661]
[0.009743984095953478, -0.027232416344481328]
[-0.013041009430130798, 0.02883499752389043]
[0.014564990149460277, -0.030042592933628133]
[-0.013123089686312484, 0.03360638233932364]
[0.009802996692482503, -0.03610086524022166]
[-0.01044894245839606, 0.030693967572273245]
[0.013891444740736426, -0.02917817374639357]
[-0.011504459229394179, 0.03370421278473308]
[0.010306750090462412, -0.029175832251342522]
[-0.019919411489480163, 0.0317371020333994]
[0.01154969528291739, -0.02762667875698077]
[-0.011108117976380533, 0.03631268242609161]
[0.011316613033853236, -0.02811704705417732]
[-0.010623540745242382, 0.03208195181012228]
[0.012325711132468643, -0.031171690034905025]
[-0.010897497634594314, 0.03377805381876153]
