[-185.33180285379632, -177.91237300766568]
[-123.77571639975042, -58.05158281563656]
[-4.548672989216228, -34.049174798127815]
[16.150000230192674, 2.547524534899708]
[4.835073714843451, -20.54996815050307]
[16.823527274722263, -35.015672361776126]
[-4.524163999887262, -1.2910672516627328]
[7.515379923470687, 2.5655200210892404]
[-9.0153783019624, 6.776651252619016]
[-14.3318576439555, -44.24809591117688]
[15.364408082923509, -19.619776873023724]
[13.473485415556784, -7.794149917521867]
[7.154576099344814, 22.517355925802203]
[20.22239903541932, -0.660467580284999]
[3.5127120219667436, 7.094042414953847]
[-0.13950288743608547, 1.9905129981668561]
[11.475453068329063, -1.2135298803741543]
[5.0208594950000265, -1.8192515161166303]
[-4.86267503975748, 7.194281615790919]
[5.699651558439134, 7.7914941910547775]
[-12.177742147382641, 17.60480055105611]
[3.526827227934287, -7.966413669276222]
[-3.9791730945490618, -0.713363425997025]
[-1.3501011647519103, 8.248113868022115]
[-10.099412000009044, 12.054379012358199]
[1.2574114248826187, -3.181839028233503]
[-5.085682658752778, 1.8326485988461796]
[3.8883965873452206, 1.2871847664710994]
[-2.3252150927523987, -7.258808784942898]
[-2.652374599375071, -4.661157461026493]
[-3.459108588335797, -6.093201172560586]
[10.1687123596023, -10.941495504115053]
[-5.810798644374766, -1.7331677223836366]
[-3.2882105543342854, 2.8845094702256353]
[9.00494593655761, -8.81249575349556]
[11.537062075182858, -1.5171967375157087]
[-3.9533901821291466, 0.06210856300125378]
[1.2702973191083202, 1.9659378491917106]
[2.7778430118358304, 4.9910395003922385]
[5.410859876583213, -5.279129604082309]
[-1.399996771818495, -7.6474261939117625]
[4.056471941636799, 3.1846641509678153]
[3.2495560523105174, 4.852723814584533]
[6.118056785295125, -5.052532451973962]
[-7.660672316926069, 2.4056841412038548]
[-1.8470342536047775, 5.6194756824531]
[1.3501910289995553, 6.366204785265692]
[-0.30062883279926333, 4.609122238890267]
[0.002074615955016068, 0.8195218066439324]
[0.9283390270899963, -2.6821886657583507]
[-2.0789664219082247, 4.449899568794208]
[2.652717074402408, 6.181456333331293]
[1.7242396396840571, 0.6857242623291939]
[-0.7513814464183517, -1.4734813258400004]
[-0.8823036448936592, 0.8715940592035187]
[2.9450168352217942, 0.8515027463297338]
[2.948432008667778, 4.0099212208358175]
[-1.7177524970094686, 1.037853577050055]
[0.3286358022253117, -3.026068156494016]
[1.049077977744213, 2.4055097849460396]
[-0.6634731035005994, 4.415040639684263]
[-1.3741130982250311, -1.1684278273842488]
[-1.7225683698077092, -1.729756312656583]
[-1.575983949898651, -2.7854336565267266]
[3.2508146950825427, 1.7588535311510343]
[-0.5927075549642425, 0.06699609975675658]
[-0.10548164653321473, -2.619086444122849]
[3.365743490967534, -2.898446288968441]
[0.2555318713347793, -0.7644328090940118]
[0.7898436698453732, -1.1863292394132197]
[-0.7464886649286048, 1.0101024214153012]
[3.0532821822353875, 2.1739150268153864]
[1.234960290926231, -0.9616494867830028]
[1.3386469162765138, 2.429516921558143]
[0.3734220332151013, 0.4147007878799529]
[1.0306755292948742, -3.7170559952274864]
[-0.07021097141293564, -0.014212344423172318]
[0.4759847396290834, -1.1476524545479965]
[-4.79127516348744, 1.1902799921359801]
[3.510634365489409, -1.1059758159096194]
[-3.131574734526181, 2.778358722740261]
[2.5132212679176336, 3.515901815742257]
[-0.18019520134978856, 2.0221034386389323]
[-1.1914077960971428, -0.5139760511396891]
[-4.107294766657157, 0.03872037492719216]
[2.672758108315205, -1.9013241526813278]
[-2.2201350074287927, -2.80329387139762]
[-1.0080538328126587, 0.9925343193265838]
[-0.2705968515118433, 0.31768250282350585]
[0.8606282717993746, 2.4378302146988746]
[3.2051455143954595, 1.4455099396989954]
[0.5414136987936672, -0.07181172161951321]
[-2.0607248067211423, -0.23018449044165196]
[0.545058073792507, 0.11179867958822076]
[-3.1885578392369536, -0.4301028884950529]
[-0.6308413578931114, 0.9102212359196551]
[0.8923786854293059, 0.9966443010975474]
[-0.9847794782238328, 2.52169963557129]
[1.0883951703887755, -0.3421050736457071]
[-0.20167095818335218, -1.59748350577944]
[1.789020554813867, 1.2285906373693218]
[1.354194584363493, -1.2265047703865812]
[-2.591177170234528, 0.33337250421394815]
[2.737129851939816, -1.4747202289189711]
[-1.4875322398613213, 1.281745107056698]
[1.4657588230114902, 0.6588695087072796]
[1.694464086380278, 1.3795430521137053]
[-1.091705313167139, -2.0998463041932762]
[-0.12296116024541681, -0.13583572402895827]
[1.2923054333500281, 0.5145902163553717]
[-1.7555115673997788, 0.3862501881037026]
[-0.8082833053004546, 0.6948833047898715]
[0.14161449486197641, -1.1226402102071817]
[-0.38445732732838056, -1.5984790841355703]
[-1.5810128996555368, 1.1489546616083204]
[3.3899305241512914, -1.1663830049295139]
[0.10542391045675265, 0.9456017678596673]
[0.08945499975138604, -1.3191040648433914]
[0.7944151129047956, -1.6528655411550162]
[-0.8418480524219512, 0.026514776039257115]
[-0.3439439746929991, 0.5305072113939366]
[1.5215745278340151, 1.0879086801554663]
[0.3498207829350365, 0.8766521151748243]
[0.9326102562463439, 0.030168331859890762]
[-4.155920693234662, -0.8049302023951505]
[1.5537848670418564, -2.874954180304533]
[-2.5484461797885114, 0.6439352015847165]
[0.4122122360449179, 0.3647755617833829]
[-0.2864524395097601, -1.6004242029669868]
[-0.012567096333390093, -1.3079474647800695]
[-0.941142495794851, 1.0021746640190243]
[2.0546703211217925, -0.43332330530094176]
[1.1546625067808496, 1.7149071168259349]
[2.780424189791076, -0.28535704655677196]
[-1.2336735083842507, 0.42796448932272196]
[-0.794733839874896, 0.9291697013905239]
[-0.3074879375819365, -1.6454987411387223]
[1.2105035824250963, -1.0953861872757709]
[-0.37293056292512017, 0.08448163749259635]
[0.8595908236487846, 0.6246354946323933]
[0.702772586780543, 1.4944677014851881]
[1.5053698782742886, 0.3040467485204559]
[-0.6956707245332813, 1.935128260050146]
[1.5637133759620219, 2.114626611904222]
[-0.04378802054219444, -0.07227716412735363]
[1.1023822715270761, -2.941532089738257]
[0.7691766494518604, 0.7022592587950303]
[1.08562750204972, 0.07085003147084223]
[-0.19459762029575145, 0.5215966038422675]
[1.4266584119091927, 0.9191959342959808]
[-0.5720398418919594, 0.9822301443386943]
[1.3696455828506329, 0.4862770755553858]
[-1.5417060156203972, 0.9145145852839898]
[0.9735570372715107, 0.06315831871592648]
[-0.30434549684713597, -0.4348471390617425]
[-0.49978608609810965, 0.6380043325768183]
[-0.02675515724791011, -0.15124553789555945]
[-0.4138225358567679, -0.25273323879734727]
[-0.5503462933903553, 0.053746811868026656]
[0.6008724334334931, 0.56251352954756]
[-0.8043094861365996, 0.7213561933686452]
[1.2651576920055576, -0.5988054562798162]
[-0.6243315621089022, 0.8272949915870913]
[-1.3362973694663143, -0.021036765312668848]
[-0.1080929812034439, 0.04443515131652209]
[0.9556951223338954, 0.5849259154999403]
[0.5912997811735633, 0.9898070021498016]
[0.03300478606839323, -0.3087847493293042]
[-0.9951929840968883, 0.48258854879282337]
[1.3655943313729149, 1.1817944969059477]
[-0.33646056530334145, -1.3057405789073226]
[0.30101162162332173, -0.6944048148355706]
[-0.3898336131689839, -0.43090542722026964]
[0.23015854676853914, -0.21552347817707157]
[-0.11346442226013465, 0.11743724514653042]
[1.3103452704250078, 0.6113840247954618]
[-0.021695083890051814, 0.041322444636178235]
[-0.630012383482602, -0.8759490537736132]
[-0.7704975475981182, -0.008655407728284048]
[0.6026130554883654, -0.339836968602245]
[-1.1772622889390079, 0.4630283315005173]
[1.052987240789629, 0.23080082203080066]
[-0.530787727635633, 1.3783640697444821]
[0.4532068569061101, 0.9580596774156989]
[0.48006240189636784, -0.31861752382081515]
[-0.02600410780964192, 0.45398219106819204]
[0.887911516223667, -0.1433190023995347]
[-0.17927458471639998, -1.4422358152293033]
[-1.6650868842874291, 0.48216919167701255]
[0.5315634340033258, 0.9328253280951904]
[-0.6658968816097637, -0.44469980353085575]
[-0.28431785280824845, 0.26462520225083297]
[-0.40325775671832503, 1.3851940175159445]
[0.053913868989596506, -0.2723777600638324]
[-0.5684208766615336, -0.4333897296906011]
[0.7308519909007839, 0.20790786520548588]
[0.6801648091528681, -0.15586608775065153]
[-0.26249881061108404, -0.8110946526270354]
[-1.5554463156942113, -0.8639939204415135]
[0.26299281173367184, -0.20673411309700657]
[-0.21534899700011645, -0.649769682208523]
[0.23628244418070599, -0.9173911592382378]
[-0.5783832726308105, 0.9273460274120395]
[-0.6964903494504046, 0.9000208859950022]
[-0.48339934672256607, -0.06862968635116307]
[-0.455363158947527, 1.1035690136061724]
[-0.19365118645138202, 0.12066254169708723]
[-0.14565997689071628, 0.030358148557241615]
[-0.5780120613824585, -0.8374469520321324]
[0.4053878786638198, -0.027325549848838837]
[-0.3264121512482113, 0.29777864045727886]
[0.5553177941814387, 0.2497233465362806]
[-1.036634986483741, 0.9375435693502732]
[0.6278835030277808, 0.3413517478862742]
[-0.44395443271980595, -0.07031849922727273]
[-0.4411101473968055, 0.7695234470146294]
[0.46913809376677007, -0.09189828799111877]
[0.49464984754650637, -0.1444922057763839]
[0.08374017867851591, 0.6903236112878974]
[0.6344779559483468, -0.5275225177577721]
[-0.18819634113920264, -0.02225451127653527]
[1.0988828960919106, -0.20182503409326336]
[-0.977796544536029, 0.06219048244461689]
[1.1485050120745446, 0.841277141633223]
[-0.38954293576019317, 0.3352518068055696]
[0.2255832964206976, -0.2270526675666752]
[-1.0770133252194563, 0.12368360701654924]
[0.21371942658731427, 0.052266622406004326]
[-0.3250772417208533, 0.27655571787069544]
[0.4813180598348528, -0.06201205565208068]
[-0.6833192484430005, 0.5488112362089739]
[0.30664276104402516, 0.5693515847228064]
[-0.31854851874401774, 0.007906084250590695]
[0.6084771281701896, 0.4753610252545649]
[-0.4774517717607267, 0.4084986224790952]
[0.8422313189936603, 0.6065493214686472]
[-0.26571863539292984, -0.7928881643335204]
[-0.1305855761594723, -0.3240340173049079]
[0.2823890577196897, 0.1321558922011799]
[0.09386241376605958, -0.07195174826983708]
[-0.35323024483706844, 0.6331404428454854]
[-0.13090947333344993, -0.06211158250301929]
[-0.1110103882295917, -0.7819822975784764]
[-0.42633678653118684, 0.5689232128896139]
[-0.5340446057155492, -0.8545109270495803]
[0.172879967556014, -0.1061062913682046]
[-0.0905627264275799, 0.2709539843033851]
[-0.04936730682007553, -0.09500999499202478]
[-0.009662273475801286, -0.26012677876652046]
[0.9768246860073067, 0.12215048145798069]
[-0.0518663324327735, -0.46136731470455544]
[0.5899831919816995, -0.25246995620638446]
[0.014021701816751886, -0.19536989467091637]
[0.22001022992101094, 0.043505516453708704]
[0.41561631805876564, 0.3259158414679054]
[-0.07779413089454187, 0.8740987418963007]
[-0.2650973101386321, -0.2134831615452169]
[0.6872475335288319, 0.7029551917590775]
[-0.10604857714890015, 0.11103452016175902]
[0.3456287853549118, 0.5491149619469237]
[-0.10893592394298313, -0.08027502858098556]
[-0.3696504167110015, 0.1441691006534742]
[-0.30279284151022906, -0.31787172818379444]
[-0.09991635814641778, -0.2591575237484889]
[-0.13729883637574525, -0.49147788742049786]
[0.22102990134136355, -1.0741168394557876]
[-0.12116524547348095, 0.29696000155262603]
[0.708418432044875, -0.09632877509441973]
[-0.26942334960252323, 0.2807214176271135]
[0.6413019646163148, -0.3548725869313586]
[-0.5811230848878378, -0.22271521787905552]
[-0.011294579821790246, -0.10879134562931703]
[-0.4045064131335256, 0.5051369015293115]
[0.8649117633172478, -0.09552517771960622]
[0.08438522295921347, 0.09786362769147278]
[-0.018622985500030345, -0.021436862357780306]
[-0.569283002144952, -0.32719412100041867]
[0.5093833054991052, 0.24274276382062554]
[-0.39690239510265035, -0.29896704835772886]
[0.31511816518558383, 0.2227842469069542]
[-0.009347331288623861, 0.23171350161049292]
[0.19959203782837348, 0.06805742511361401]
[-0.7404642324548731, 0.19639349794749983]
[0.21927312024750933, -0.06407929021883618]
[-0.5149972597200736, -0.04380053823446067]
[0.6443614412978471, 0.28680180201042005]
[-0.2576866276460588, 0.33967065566469995]
[0.8201740478318936, -0.8342764498774957]
[-0.22122027738087835, 0.14324597133585873]
[-0.20052132600584097, -0.23538407902171504]
[-0.6833792236359058, 0.1702580779111989]
[0.2717931575545981, 0.22038677599356715]
[-0.6688949730298327, -0.2096147801422038]
[0.5859006899669664, 0.2070249851718967]
[0.017943173846844518, 0.40713483425373365]
[0.642028648046532, 0.23414107626883363]
[-0.23063578009967728, 0.2895214440309918]
[0.01964676390615336, -0.08792794386000125]
[0.3225400484368697, -0.16286696524343533]
[0.2018212845673857, 0.2569738635392429]
[0.07814380070180615, 0.12948893292289]
[0.232653832886883, -0.12034934168583145]
[-0.2749495996406781, 0.40053902628547733]
[0.03349813894192688, -0.12143293439875091]
[-0.5667064439721168, -0.2750923395478397]
[0.3846657392600872, -0.35552876759704377]
[-0.7148152524956064, -0.3712088260422217]
[0.35955580005879306, -0.18359436982575283]
[-0.5018515682014586, -0.2316275320094604]
[-0.06374914097042858, 0.18463985085039203]
[-0.3354650361979128, -0.3672074075789715]
[0.5964126975565189, 0.1729772637947692]
[0.0004116947574639429, 0.09773540187982238]
[0.2672957591806976, -0.5409434747289895]
[-0.09311373257946032, 0.3905813225129609]
[0.27891009854101384, -0.5303490841517766]
[-0.401534137060613, -0.16473024633676636]
[0.3308979930430792, -0.7040102860678623]
[-0.5452804579496113, 0.12945156523481458]
[-0.1391582607717243, -0.2842010966874799]
[-0.017553560201311047, -0.27272098362267644]
[-0.0008269474263898902, 0.013889686142983582]
[-0.18398583259366286, 0.05378875180028975]
[-0.27915894723120904, 0.3637986987942179]
[-0.5684463749508764, 0.14057118995398643]
[0.31354926237519526, 0.20678475844889166]
[-0.16782073621261367, 0.025402487178076416]
[0.14292957224358183, 0.28160359938953083]
[-0.2807231336422282, 0.26274408922195125]
[0.2153828543310941, -0.08598033553833417]
[-0.24439911485823662, 0.02509780376528714]
[0.22473731901832122, -0.40388223665842726]
[-0.19703178383559072, -0.15450291106113534]
[0.25841612013989174, -0.6027450802829807]
[-0.44329001693957604, 0.2971161676691898]
[-0.14991182721990837, 0.13623652983056045]
[-0.17123867203970367, 0.2635356153079699]
[-0.045891557370255714, 0.16999089647984178]
[0.009877437105498044, 0.19452789156369354]
[0.0215451541134499, -0.09315224964032975]
[-0.34218065818339694, 0.02317333490364948]
[0.12168092395085486, -0.14612239908351438]
[-0.14245263293051003, -0.021285536220233825]
[0.0016944941606107655, -0.008186070566459147]
[0.35206080501571557, -0.36507851397496166]
[0.08526421925762834, -0.3804866432765939]
[-0.21552925127931288, 0.1568959647119556]
[0.18047707048419454, 0.0027889487014484127]
[-0.6115133076592568, -0.1252765871097659]
[0.019288156162593495, 0.005198655216798298]
[-0.261258038389689, -0.08173714462776709]
[0.29113709431623647, 0.04129800052923949]
[-0.5206394493938675, 0.11707799904014315]
[0.5599783840103183, -0.25904013722741726]
[-0.36604455101468836, 0.13901168135212383]
[0.1917630311309857, 0.09680742269755938]
[-0.24725192159349113, 0.30854848625788844]
[-0.009537643819447328, 0.1407490479275093]
[-0.059422193431313275, 0.06824554195726573]
[0.46785034464193387, 0.23201609477054708]
[-0.30999945169366394, 0.16468293984263363]
[0.15182641054961707, 0.14928107921453204]
[-0.35945170381440095, 0.113714818270342]
[0.10851733509215852, 0.13755185346859267]
[-0.17800644156083884, 0.16447048896947328]
[0.4790639469181892, -0.14439976603535454]
[0.0364703448006195, 0.2831442221833944]
[0.1679716669717631, -0.3476735657309401]
[-0.1587319724231686, 0.012838647116101276]
[-0.30449727770520263, -0.10481710907394859]
[0.31589379127458206, -0.09775960357506477]
[-0.19657777861723733, 0.22569869527593045]
[-0.1294612439118591, 0.07109260846656819]
[0.32287303930703104, 0.0720549175891354]
[-0.3325137955650318, -0.08673983950593543]
[0.35850440029307584, 0.07616545939538055]
[-0.13390328338973512, 0.022463486288115855]
[0.487974654137323, 0.0754542703979364]
[-0.23163809578972006, -0.008483177481211926]
[0.2816368965269887, -0.31726030796679455]
[0.06394434201166022, 0.08335680814705583]
[0.21802331869207098, -0.12768514276995152]
[-0.2284746323373842, 0.20264847989845244]
[-0.09846451715939772, 0.11033375415125968]
[0.006663906920146512, 0.08100705271183489]
[-0.08007048388087953, -0.04637927531778696]
[-0.12147063815567316, -0.182956096786678]
[0.07440009422594576, -0.16413918539196704]
[-0.23867019826267377, -0.13186804479423436]
[0.15806173325171582, -0.05986617126040311]
[-0.20041197915850512, 0.08705620756102989]
[0.06255030183752608, 0.20953040403996237]
[-0.0657154631832727, -0.17997716077740844]
[-0.07247907958217864, 0.15539612397402036]
[-0.3620236265661271, -0.08585995933689795]
[0.048095733726491036, -0.20626165142094322]
[-0.09727630574928825, 0.12886492302859476]
[0.11296480213038448, 0.0700545508777426]
[0.05970087374308419, -0.18780268522188698]
[0.12057417513800339, 0.013806582873189144]
[-0.015385537494903123, 0.17689486068999005]
[0.27291254070147836, -0.123365760280988]
[-0.08807287476320136, 0.12284899800044181]
[0.17149806055224553, 0.048953551497907144]
[-0.03230809250415634, 0.2551713167074709]
[-0.12674324842346524, -0.17083222907092094]
[-0.30217877862334575, 0.14080107910828718]
[0.1416014089517316, 0.21215794908684815]
[-0.16102167230572767, 0.08347233364060067]
[0.2906831774332901, 0.009157821157190327]
[-0.3819802996056866, 0.17579633419664176]
[0.3360463190042363, 0.18474900887068724]
[0.006159230136316696, 0.07732845636851632]
[0.3450422332773241, -0.0336847707043772]
[-0.32139829537547115, 0.09014617179106213]
[0.04559647013018975, -0.038638721564949574]
[-0.21048752609530286, 0.07508335193665731]
[0.23830308797860997, 0.08732743590678882]
[-0.09778150656926554, 0.1670282378456429]
[0.1426191755029626, 0.05169315683775766]
[-0.24583323731243928, 0.053881096678473905]
[0.17224826593566323, -0.25301063115358]
[-0.14296427085958635, 0.222846349994853]
[-0.025584645608966117, 0.1122473523597044]
[0.0396251475732603, -0.16656849032486795]
[0.26632462047960564, -0.10475374934779069]
[-0.2870777630694868, 0.09591574793274629]
[0.37718139846271936, -0.05031572166212572]
[-0.3345904779155138, 0.24617297567263835]
[0.16931641812922826, 0.33600675420216086]
[-0.4287065614413276, 0.20125291304249354]
[0.36277637992710365, 0.02551988145368289]
[-0.34771715270819903, 0.33670115301142467]
[0.09808953649214058, 0.038840596340602995]
[-0.3455500474802383, 0.33353392090042944]
[0.14619692296487674, 0.44024452739173014]
[-0.13363077431549714, -0.06532044613007054]
[0.054973813012421824, -0.28207169067307847]
[-0.13349790961361907, 0.17616665938566944]
[0.2636743530105176, 0.09289000175253181]
[-0.0895928417829609, 0.07576979890853504]
[0.010517151872665165, 0.010558016313364615]
[-0.16837354260391707, 0.03319255538478533]
[0.23505397267452105, -0.07070519124207308]
[-0.20602153717108657, 0.004714982141545542]
[0.3553953573332898, -0.08494665985060884]
[-0.22694506271451514, -0.21875226263303887]
[0.165436263399537, 0.1680162107369142]
[-0.00911368527125711, 0.0383573015920698]
[0.50142057536088, 0.0282925211930668]
[-0.197641680699099, 0.12345070760456654]
[0.3430517814885754, -0.09073775374956883]
[0.004084324844209841, -0.007770470918241176]
[0.14016371669545552, 0.04237273781423889]
[-0.12527872567627102, -0.003588702623452126]
[0.1825048519049175, 0.13977378600203128]
[-0.19154375997561202, -0.02920521959760284]
[0.08722737498337085, -0.13943064926130988]
[-0.24935845947278545, 0.09686669953475245]
[0.04198768198006109, -0.16262800510004055]
[-0.06542234856524787, -0.146485326235099]
[-0.015318614854661239, 0.02093758353486591]
[-0.22767219171563946, 0.26916217995094804]
[0.31332198762243163, 0.03948606822020839]
[-0.2580800640814319, -0.21037376388447443]
[0.2625522234158966, -0.32513946616987616]
[-0.1899690876059138, 0.046445803265745544]
[0.315804636446809, 0.004704563421594088]
[-0.0419297176618858, -0.06220118583881754]
[0.2925736685831554, 0.0015106985699156472]
[0.07767800550503134, 0.03881179561262021]
[0.040124725490008284, -0.1577936963147803]
[-0.17023977089652564, 0.035095673536810854]
[0.10945398223190311, -0.12614474314359242]
[-0.11799161082985199, 0.16105815803537904]
[-0.05556086742598276, -0.046477253272177]
[-0.36308358150466036, -0.06221563515684539]
[0.17340661879958646, -0.19855110059176956]
[-0.29916095727111003, 0.06343788695764492]
[0.07572597367083667, 0.13098359721381775]
[-0.2463102219678962, -0.09908424274166924]
[0.15654512782422597, 0.12173321666539061]
[-0.08659851293875831, -0.20918300350309338]
[0.08534157459890496, 0.05350021639848601]
[-0.04664750898186132, -0.022567634733603945]
[0.20648662871434992, 0.1293442857358113]
[0.06647368390747077, -0.06561611904124984]
[0.28697594204675514, -0.0037845403503844466]
[-0.20170107790814473, -0.11549292995833368]
[0.19979127452123593, -0.22319945444585246]
[-0.16437277911649684, 0.07188735587011921]
[0.22745848066461843, 0.09090204884277142]
[-0.11748304675189059, 0.17641943037812238]
[0.12063178542607422, -0.21339897058581314]
[-0.26388822850548277, -0.008184203257815686]
[-0.09090916113985059, -0.08893135946098141]
[-0.16075543692544897, 0.12202989514087145]
[0.05715807369374121, 0.2557250206016376]
[0.10089922584316158, 0.07930937161310461]
[0.04297695516082667, -0.11094172479517178]
[-0.2170119243519011, -0.18090522279198015]
[0.14603373995764152, 0.11379235617105776]
[-0.07562769609137376, 0.13344048334414388]
[0.1711918562809558, -0.08264437491118831]
[-0.1119500350909966, 0.18927040423878302]
[0.0654270009593606, -0.17037079995822801]
[0.013104326911172692, 0.14642939791402904]
[0.1682364708254771, -0.09399821935308983]
[-0.042632569188860936, 0.20434909803724083]
[0.14298725459734676, -0.05909236105511084]
[-0.227020313617876, 0.17261186273323856]
[0.009406582219146753, -0.07036939237218048]
[-0.023829434966362473, 0.10631438501519896]
[-0.06135140971760622, -0.08036160223707495]
[-0.1850829220872401, 0.18164182546862945]
[0.12090521795493953, 0.11078450827600539]
[-0.3075699433450202, -0.06982809011661435]
[0.11207193207125174, -0.10773654242877595]
[-0.09022667138403151, 0.02522707929984762]
[0.05704192821224008, 0.02325441094746561]
[-0.12199827056817836, 0.06241395543921448]
[0.02680560463720194, 0.11186995152103235]
[-0.12296082662409691, 0.08486259939394339]
[0.23378601800783771, 0.0743813344554583]
[-0.04150111904011422, 0.05868915010856088]
[0.2168002134896391, 0.12293083037960317]
[-0.19024868115839033, -0.09671740014583836]
[0.16574733360602703, -0.09593027057188508]
[-0.2381656858002258, 0.04210352195797937]
[0.2150602834315011, 0.06648856571479678]
[-0.18684567375525157, 0.015944825258208048]
[0.18643539022944194, 0.04238953042281901]
[-0.07516813365137437, -0.04501172239822446]
[0.04304988258120357, -0.08172641468482339]
[-0.20597182465632108, 0.049200790507192796]
[0.2072015985277224, 0.0318374759182945]
[-0.3886042063386996, -0.05728110812502482]
[0.25733407603416547, -0.04958611482036379]
[-0.178921638293553, 0.06143137024040732]
[0.2636904710654659, 0.15587095513772803]
[-0.25362838642712837, 0.14967478156086533]
[0.1302809678647664, -0.00015484815372612815]
[-0.16838466619813452, 0.05038586933878464]
[0.17012335114854976, -0.06680891987962784]
[-0.08612139862901991, 0.08545598219802723]
[0.3704454929729026, 0.10106503975837194]
[-0.014227115257015255, 0.05331325678453505]
[0.22576649996243187, -0.23983205435429245]
[-0.1445969737421876, 0.28350263502773076]
[0.008969852512475507, -0.09230974715941631]
[-0.2311725636881869, -0.0635704382543261]
[0.01640882037656788, 0.024446649796095843]
[0.056761529020557866, 9.865195578025177e-05]
[0.06402511181026621, -0.038181402978847256]
[-0.3234642284346727, 0.01963963713687643]
[0.11557212037534587, -0.1809334606180516]
[-0.30348385776968784, -0.09025089644758817]
[0.1314408694057021, 0.1316527516038155]
[-0.17420567391975528, 0.14351537340303586]
[0.15738313603528692, -0.10887329690198477]
[-0.11791744756211842, -0.02802073832355384]
[-0.019633058419876004, -0.07805347439760574]
[0.0001113875039769896, 0.07902052640743483]
[0.12292141239995719, -0.03317803016600879]
[-0.12025810758042255, 0.06452663493241058]
[0.041539925696006175, -0.043041963489889035]
[-0.12430384293669883, -0.03308593679503813]
[0.05273778791215494, -0.0620424542252076]
[-0.0634509765703507, 0.21425932272439555]
[-0.08908169078165745, -0.1008398497275943]
[-0.1379941922194704, 0.043742949562394925]
[-0.1083437274372418, 0.11960409930418398]
[-0.14964204766981304, -0.07521668451043817]
[0.12844317352059703, -0.029525029888899657]
[-0.08230044694835348, 0.06101022133905258]
[0.056180841140037796, 0.02899114334382996]
[-0.14548769161774705, -0.053091085570799806]
[0.2692819415972876, -0.08174518477169057]
[-0.2468489552065487, -0.0028033328558839388]
[0.027971371600481743, 0.001309676455624298]
[0.13770253732728044, 0.019926245340778664]
[0.13785886086738583, -0.043683802181454345]
[-0.09451410241933755, 0.13423256552869786]
[0.08757302129257244, -0.046773661407128075]
[0.00056835902423652, 0.14974549272773824]
[0.12299489327490687, -0.07063541715113986]
[-0.14802704149856277, -0.034910614052354016]
[0.19036655727408602, -0.021536276576682]
[-0.08106710526005412, 0.16895049500692658]
[0.30764444393731677, -0.14420188148724647]
[-0.095423776102317, 0.16679853142142517]
[0.06813838867302502, 0.006814542317963912]
[-0.014128992071472057, -0.08793629523072907]
[0.1674998406560646, -0.0462371354891874]
[-0.052485149653799856, -0.002164428356706105]
[0.12353499885458158, 0.032703271219815866]
[-0.09497759376694132, -0.030722609398316725]
[0.05314833943902941, -0.06711854334392925]
[-0.1401339259248186, -0.1708211730078324]
[0.1955643159145786, 0.07726677844126084]
[-0.0026178407841369045, 0.08669720366441544]
[0.18163854896871356, 0.09607202085100752]
[-0.10816741439738087, 0.07096494751174648]
[0.10553074224237796, -0.24602016645191788]
[-0.08927660287155509, 0.05437669978910434]
[0.07329422176762135, -0.127280582581475]
[-0.09780050886806019, 0.09069253396229524]
[0.23874760875609036, -0.056728622930436456]
[-0.15438311744949074, -0.00718386156409434]
[0.22239049486406282, 0.013907762480618369]
[-0.09049221422335546, -0.10004550980537183]
[0.1396156071528062, 0.0034073867874810926]
[-0.06600476715440079, -0.030038486069473347]
[-0.057213167728947356, 0.09520098223415091]
[-0.056635746592452685, -0.049848159452129615]
[0.1611842025766988, -0.07576676173388389]
[0.043844477830551454, -0.004958730972052461]
[0.03150588182192693, -0.17743619735582788]
[0.04706506992239273, 0.10387627359507409]
[0.13651590908257222, 0.07570839270301799]
[-0.04421011320953566, 0.15384312211971352]
[0.155959202344444, -0.0001705962399756733]
[-0.2518522432255981, 0.10318837026809896]
[0.05736245075323948, -0.05395360921429626]
[-0.010223421339394134, 0.023188785170871445]
[0.09674636132469705, 0.025976606237227917]
[-0.07855857222993978, 0.10862859533481109]
[-0.006524743678153644, -0.08634625603054574]
[-0.06643397297584902, 0.016654251213841093]
[0.026552866329233482, 0.09339034461544271]
[-0.12303952837712312, 0.049709844146837545]
[0.012728008827167181, -0.029723976768084914]
[-0.08472777742640342, -0.08986483275016774]
[-0.019055846082843775, -0.061508283071082304]
[-0.11818268606508914, 0.05431825581873928]
[0.004536760716058907, 0.08587190876657685]
[-0.027053565969050453, -0.050436312518566395]
[0.15966540836459311, -0.03277608262020948]
[-0.3222577470347251, 0.055600117839419066]
[0.11826936358901535, 0.018949688271909182]
[-0.0793178698636769, -0.03771154213026873]
[0.022942592412663942, 0.14523965714895742]
[-0.1584253292795723, 0.08175764377040365]
[0.05017475128243237, -0.05135222218140156]
[-0.17442601962444737, 0.08625018927914771]
[0.1226066128707004, -0.08883490536098904]
[0.04309890708739744, 0.0073326088246291055]
[-0.04267934496505066, 0.11469905972158997]
[-0.10917582457087893, -0.04589008779971357]
[0.17848698000042765, -0.026546778083212014]
[-0.11595735687493952, -0.0034018033557887684]
[0.05805927139674372, -0.023560540922695022]
[-0.1442258931689191, 0.0612651307631705]
[0.025602425632226256, 0.0021611291951522393]
[-0.18518610724050177, 0.11278583970847442]
[0.17293256236594906, 0.10163154002604774]
[-0.10260187336250576, 0.04037351071905182]
[0.24443087847197803, 0.08664713504133933]
[-0.19747394639552324, -0.015258464621165063]
[0.1516067436738973, 0.04016990721902619]
[-0.008577927424208043, -0.009819323282844072]
[0.12474777271459558, -0.03689644897672764]
[0.0638159874440955, -0.07517105009328837]
[0.15835631048965518, -0.004413945557584703]
[-0.13142170043714035, 0.04495257381834297]
[0.08962634020755006, -0.058763972317272234]
[-0.1319602901712147, 0.0023355787483795576]
[0.10820327272372071, -0.007352183199376833]
[-0.1436998726508904, -0.045234448347885314]
[0.0701883486574621, -0.09410328252913941]
[-0.11172469156248993, -0.023069787510928114]
[0.17128614322676028, -0.15814059448391915]
[-0.006398794860803136, -0.03545815212718867]
[0.11700519556848371, 0.07204414505681844]
[-0.09301744575617138, 0.009348796527196918]
[0.10893117086733983, -0.052092846612715765]
[-0.20117217587845218, -0.08447635560837127]
[0.19542449335658735, 0.1930593934322034]
[-0.02603360412793837, 0.0030310893009723727]
[0.07435684882067961, -0.018993500016514064]
[-0.1587318311952565, -0.04442344853069252]
[-0.04102527578639992, -0.012353723860122484]
[-0.1452551476112008, -0.02590892401946987]
[0.2837375999784317, -0.12088180252776509]
[0.019800610512821837, 0.06939948463610843]
[0.0006817896608958263, 0.007731525067535744]
[-0.029012803563210066, 0.18862429325093405]
[0.12697895247511332, 0.01335655578143724]
[-0.08951492207275347, 0.03648639418358876]
[0.10119426568653966, -0.05650037579018846]
[-0.10956074078291023, 0.0904789241284733]
[0.1649531573771269, -0.0005427811755668588]
[-0.19553694805159863, 0.039459202943850386]
[0.11247400767988103, -0.0058328399720154744]
[-0.15067581555436516, 0.05164347308497025]
[0.09828184909579996, -0.0617874882804918]
[-0.33130986524827344, 0.00027385970785398506]
[0.14641322212180516, -0.04610308790854878]
[-0.11525304219946308, 0.0739734530482539]
[0.08462912958138252, -0.03648774713982589]
[-0.08054241998266354, 0.12441710992358415]
[0.12993499245567053, 0.06755631688187874]
[-0.15896044268709172, 0.0730759214770724]
[0.13757583649397281, 0.06149118240435175]
[-0.03376923542723509, 0.0714585795326001]
[0.07542007636081954, 0.055729764518963276]
[-0.14772908790863812, 0.0016434055046500307]
[0.013671754412696857, -0.013170525156352642]
[-0.11192770269274105, 0.06920162167197133]
[0.011571107531504587, -0.02432554761558886]
[-0.22975180287448208, -0.002742001579411124]
[0.10788831917239217, -0.044144974325943165]
[-0.2264397808744938, 0.007106212674921147]
[-0.0059010466711532095, -0.009572379128309938]
[-0.2095285701813284, 0.04589566283701502]
[0.20252826304201885, 0.042707971923967525]
[-0.12461484189993163, 0.014828650114795588]
[0.09359967784409867, -0.11810941486239188]
[-0.10841953764128054, -0.03668140316064855]
[0.07865828829161092, 0.05013427369505283]
[-0.09506766318094553, -0.06425803844133632]
[0.10234873764137514, 0.0443745595497371]
[0.0041712076606040815, 0.05137178222407346]
[0.006646558677421421, 0.06703898868814395]
[-0.107911487013932, -0.0020757789418003325]
[0.047286453008643536, 0.010709897556549414]
[-0.01858441310558251, -0.05533861507445828]
[0.08527192024441782, -0.042764621444638926]
[-0.07268449800886578, 0.03280071558519762]
[0.16222654985752044, -0.03185852557798016]
[-0.08761029188282587, 0.05502667646006823]
[0.21177526242299055, -0.0640857743187811]
[-0.10504166899642722, 0.09351712547660604]
[0.09198023786075699, -0.027438880727189835]
[0.0037747118972832894, 0.008651678677485924]
[0.07692615626664961, 0.00831391496929143]
[-0.03155670451138226, 0.05255071288630822]
[0.17071916943620333, -0.049983562158861794]
[-0.11647090305980817, 0.10023806917117581]
[0.0942442644171268, -0.06439053933060855]
[-0.09546222176574556, -0.01003656504231637]
[0.1443019983165502, 0.019960090465499625]
[-0.051985200675890186, 0.09071160695882186]
[0.10753737456908119, 0.018392451070877502]
[-0.10173961750353724, 0.10398572784141574]
[-0.0009570429168702099, 0.08958062455182475]
[-0.02981875122476496, 0.08163227974746987]
[0.12302504117356028, 0.11137090948565467]
[-0.1290761353661169, 0.10074568036945752]
[0.05524838095242274, 0.024355638382445477]
[-0.020229687275048702, 0.020028251183631995]
[0.06764843695386547, -0.01846707009104634]
[-0.1523535218779895, -0.010688513611284867]
[0.08155963607980854, -0.030701577504387234]
[-0.12178002153888617, 0.036354266541952895]
[0.07293104250054278, -0.0034686841616073244]
[-0.01294659563656253, 0.05643788398594393]
[0.11651838994606828, 0.0585169758556105]
[-0.17439106208453814, 0.02379236040365068]
[0.12226945695319652, -0.05521108313920166]
[-0.10965628749957554, 0.08366281998395575]
[0.16100675227644695, 0.02238170624608367]
[-0.03900204010276842, 0.058798986013334276]
[-0.028956937108142733, 0.04940548465083307]
[-0.03527848486728841, 0.021980778495784392]
[0.20851320404081547, -0.09910628269937231]
[-0.10685411408686005, -0.022813821425037295]
[0.0736612627582498, -0.08991646756038815]
[-0.05094110950470182, 0.020999285808239954]
[0.07864629067169188, 0.01732433113672735]
[-0.09672479109382753, 0.005808534362522988]
[0.0832287037860131, -0.01613173404020747]
[-0.02759367256871348, 0.0879222700067731]
[0.09930216234240452, -0.0011014025931889299]
[-0.11892263634411754, -0.06500178730049028]
[0.15649978295058486, -0.005503317146684658]
[-0.10235939014515075, 0.07117128231563083]
[0.09716670153379531, -0.009176143562259986]
[-0.07730606926034361, 0.1222505404972189]
[0.06660455252615433, -0.08147033660783709]
[-0.01644252827469328, 0.006660807003830482]
[0.07191742590882966, -0.14668037444972915]
[-0.1307838868727108, 0.004504697089591114]
[0.058205342761353196, -0.08815607518266279]
[-0.08228878946066698, 0.02724510645022571]
[0.07347143664557498, -0.03528064571991123]
[-0.05810287802960232, 0.021199442832551485]
[0.06508958766802725, -0.036856937584421434]
[-0.09910877315553823, -0.021365562151795803]
[0.07116024893015038, 0.06969795669253465]
[-0.021559316990550303, 0.006037334072512113]
[0.052266199467447705, -0.06687216900571719]
[-0.07093720380458662, 0.03730633239820069]
[0.07534825326305739, -0.10338987647250528]
[-0.08598677779135999, 0.04479003420354277]
[-0.016457321908047384, -0.023259879471402817]
[-0.12390877849006748, 0.04665400944889203]
[0.02662905002693322, -0.04684085626793394]
[-0.157151737982363, 0.007492927375999825]
[0.08141796737403789, -0.06391758116424347]
[-0.09642230209169303, 0.08526646854544248]
[0.07256832790270384, 0.02261340236526961]
[-0.1094546145948907, 0.03429989526300664]
[0.1151421506306387, 0.009761857350969502]
[-0.034419208564734016, -0.0066437780482021536]
[0.0497337525829783, 0.05779114634341155]
[-0.014757836841458344, 0.07224109847529547]
[0.07759790745525402, -0.04287091258067607]
[0.016419654635474595, 0.025773306223418335]
[-0.00314196275919032, 0.0013789315820864137]
[-0.14460578336874366, -0.07105582785017311]
[0.057282892319879986, -0.07757365888596579]
[-0.1293753829579407, -0.04879595754043459]
[0.12021456631640415, -0.0034819617683697277]
[-0.19075691920321206, 0.03299888090538328]
[0.13501223660629308, -0.05428797759826577]
[-0.09619711756375368, -0.04784401015737999]
[0.09216488942971235, -0.001343440991102833]
[-0.025185382160963415, 0.09869027845689488]
[0.17666668474579586, 0.04329939818296045]
[-0.05083874159305976, 0.09693689427306879]
[0.05296751800056959, 0.05829294862828591]
[-0.002954324605535047, -0.045355996316955915]
[-0.024322573086454413, 0.010852106358126778]
[-0.02766691147683223, 0.04781167522527477]
[0.04960835454677498, 0.0470007766374623]
[-0.08299692266504505, 0.006643059591096179]
[0.07682365351897857, 0.011229803884040802]
[-0.04494591070536422, -0.057391362814607716]
[0.08856853908313267, 0.019397801652720148]
[-0.15355202930719342, 0.03446404294034433]
[0.16318946231361883, -0.01977273245470554]
[-0.03399529071155008, -0.0560356486139319]
[0.16674997546335873, -0.005659746056260802]
[-0.06447347524078997, 0.0516009459441964]
[0.06223334501128169, -0.054081097148642204]
[-0.008144257467004146, 0.02527203325974442]
[0.043004743677335644, -0.01979264428457031]
[-0.1305774530082111, 0.03698411982761146]
[0.10105018661088938, -0.036445543658416034]
[-0.018253609019355105, 0.05416668314285314]
[0.08380502796441366, -0.04508648901350316]
[-0.08445801467363143, -0.01410038120983187]
[0.1175492000867551, -0.052053858511170614]
[-0.05526665496610128, -0.03137523352214017]
[0.17279173514637886, 0.009095548587199468]
[-0.03224077758082666, 0.07091458291774269]
[0.11887940225280222, 0.044338298781211975]
[-0.057178479824002676, 0.011221014518834338]
[0.15264617176527234, -0.02769798367167944]
[-0.0528594654432728, -0.06492362727490159]
[0.08284697547313516, -0.02184867525707577]
[-0.11918577490160737, 0.01498623178760708]
[-0.015394726428174466, 0.03532946084558073]
[-0.07487956382847413, 0.0903382930736922]
[0.11342185363601884, 0.03121317587076341]
[-0.07518028251830623, 0.07336118699788949]
[0.04027525484019012, 0.014992409811834306]
[-0.05847355640130375, -0.025513305456354274]
[0.10953797884564193, -0.09160624116817728]
[-0.10071476519342429, 0.053126389345504565]
[0.10531368157186421, 0.06166304175661591]
[0.026755355578321482, -0.014713470537403406]
[0.114664706766933, 0.001944717366437117]
[-0.043167156810611534, -0.01969135196795818]
[0.030790250258051877, -0.06001973666299654]
[-0.07718241268881285, 0.030194230793506693]
[0.050979464262694396, 0.004099916721464224]
[-0.13967437311121078, 0.03558354442082337]
[0.04412150723363911, -0.012160568238444698]
[-0.16083737553720986, 0.018955361392988618]
[0.057226983160826306, -0.06072235335769507]
[-0.08367596586577056, 0.0352812403397183]
[0.06960727842230877, -0.0713554685419978]
[-0.06469520355932279, 0.042825105131001406]
[0.10587541670848302, 0.00303982809895937]
[-0.07841022986086515, 0.01779080198559041]
[0.13541361996718715, 0.04953194804289235]
[-0.027481445419587552, 0.025083528443264835]
[0.04055532382189597, -0.016050657491179614]
[-0.1358683617704037, 0.06092506151738791]
[-0.012282324700137515, 0.011976481743627407]
[-0.11525498053385713, -0.009195844474206405]
[0.0923291352553299, -0.03551357805025643]
[-0.012430347153587429, 0.0012807693378367735]
[0.029134312003501583, -0.03506752423882737]
[-0.14303691337368568, 0.09134323300468838]
[0.0964956443653649, -0.04494294355940971]
[-0.08312993223850135, -0.07401269328500387]
[0.09403668349143096, -0.03438558326372876]
[-0.03866081776324595, -0.0403530349448995]
[0.1028552741702321, -0.07309571370317443]
[-0.07919075438705926, -0.03184832679005173]
[0.05205703837408693, -0.037578347216381466]
[-0.035518020770468284, 0.025456846171881597]
[0.03507084167467378, 0.02419773515797735]
[-0.04807052559411651, -0.03240769226217716]
[0.035505276890780035, -0.007222732024312659]
[-0.045814299311358206, -0.05734813485269663]
[0.012411811135492667, 0.031229145154518443]
[-0.0622101059593964, 0.012594358057256505]
[0.10243982908103683, -0.02740226117935303]
[-0.053127177631531436, 0.006230667141304713]
[0.10306016274519472, 0.020607776694229557]
[-0.03713228780832603, 0.008832454311104743]
[0.07560012173616762, -0.0018721476646638563]
[-0.08372745895478666, 0.0132877530625794]
[0.03689035288909981, 0.04125891543729422]
[-0.09891706333943423, 0.04024349947051084]
[0.05621459376723237, -0.02638807825220267]
[-0.04752693723479434, 0.004648477016339331]
[0.006787707250436925, 0.011404860137219565]
[-0.03524535958182522, 0.025166321715847012]
[0.06510411879451189, 0.012489410168365883]
[-0.07058410319100936, 0.09661080369912425]
[0.11250954312199868, 0.005845850946401606]
[-0.026409328703567492, 0.0333364128639263]
[0.06476497297163672, -0.020079842098503792]
[-0.016399991046924425, -0.011084894107916937]
[0.04251090687428416, -0.03301856395210265]
[-0.04432029446971303, 0.10860257685929367]
[0.049418007890299515, 0.04530780362804814]
[-0.10063960395507102, -0.03825158846722285]
[0.07519462528762985, 0.10101712678873494]
[-0.14925141673455627, -0.051779973515948124]
[0.08530524967597272, -0.020062584182741712]
[-0.1160674289413041, 0.03238566935015194]
[0.03719707735438296, -0.022495856766338786]
[-0.03268645703211208, 0.036259225443766446]
[0.09169665740263117, 0.007772536187816065]
[-0.09457456661358217, 0.03942763464681992]
[0.10836741024391741, -0.04025376925955544]
[-0.07806268838601134, 0.041842694508171546]
[0.053794168973144985, 0.05907416498288093]
[-0.0009185513727737182, 0.061149804987229106]
[-0.016727915823195383, 0.026372711713152752]
[-0.09038362134665487, 0.02552151230147473]
[0.051277183157413225, 0.02483746122516045]
[-0.07610755102447614, -0.03561370119875956]
[0.018390145310255124, -0.015045003171745348]
[-0.11235568971479108, 0.01066204930471723]
[0.06889643767926548, -0.024755721069273665]
[-0.13395175616380925, 0.010778787018745267]
[0.11331592606378987, -0.039503703222761435]
[-0.128752255905713, -0.05667175909808092]
[0.04824836892212958, 0.005907323281990444]
[-0.052709910360720924, 0.06826232312662889]
[0.057132649505374195, -0.02516823746518547]
[-0.05631542209147583, 0.000283857686332073]
[0.08876014620883435, -0.004169066923810624]
[-0.060149569074115145, -0.006609195040904042]
[0.08915221220716046, 0.027620479077630947]
[-0.08885727720440631, 0.05903229776164917]
[0.07070649020852554, -0.06752608549048894]
[-0.07098335657925314, 0.0186875915751471]
[0.07658596069779822, -0.04321022081753372]
[-0.053106446468682386, 0.060609934079852906]
[0.13507649650502884, -0.021530004858341]
[-0.08245838565194041, 0.06427209297717085]
[0.06620885196302159, -0.05836100063870671]
[-0.074630778873258, 0.02912489045974076]
[0.09244491035820393, -0.006017855899611478]
[-0.07251553556877366, 0.006877746913184879]
[0.14718438997085107, -0.05047303015123332]
[-0.07596306313654806, 0.023911026482969305]
[0.03913553863302269, -0.022840799840291748]
[-0.09088906568236016, 0.01218321731274749]
[0.034077205562656504, 0.006852448146444874]
[-0.05992626791033413, 0.04745567345851873]
[0.08160700886374003, -0.013441591881898765]
[-0.10877829125225194, 0.013564359135790294]
[0.06712924315061486, -0.026623808632420594]
[-0.06785201090218225, 0.045510236589863695]
[0.09623245685660439, -0.009841800668804954]
[-0.056880604768477075, 0.026514469786946437]
[0.0848926850824526, -0.03238619367790988]
[-0.09478350991637736, 0.0056580667620372005]
[0.05379705840168825, -0.014726157657623869]
[-0.12758347389769487, 0.030777481338546298]
[0.062216701535105196, -0.003983857712296458]
[-0.10728596884438081, 0.000808443826871702]
[0.051494251755183434, -0.029079571423735642]
[-0.09174895511604125, -0.06382788403482922]
[0.10174694872575725, -0.041385344675324884]
[-0.05179525802882788, 0.04120546072663914]
[0.053401934764383124, -0.018150957178973616]
[-0.003405543319837806, -0.003208614842623192]
[0.02907747287474552, -0.006418747528947458]
[-0.0222129314939334, -0.018600980865906808]
[0.1259634100345453, 0.005354642171234124]
[-0.05665995145776223, 0.03583384443854859]
[0.0569644739548687, -0.04025940128703245]
[-0.1361305877761419, 0.0072006565103350795]
[0.043279726532583995, -0.01362277882984983]
[-0.0439032403228925, 0.02617108794572498]
[0.07285943298966718, 0.004770209218588541]
[-0.05403840464742994, 0.017512544877767072]
[0.09661542529831667, 0.004178769855307518]
[-0.11975758623913932, 0.006292248289670593]
[0.14000742609425684, -0.01588671054610466]
[-0.057730023238924566, 0.04350646768094216]
