[71.67976327995717, -68.81133364320002]
[-95.15106085882476, -95.9032860298997]
[50.17177012482772, -51.11617883636638]
[-20.832173829428026, 0.2674614898123784]
[-2.0552718261836698, 0.02174939959512645]
[0.10932829372570671, 0.7039768323578148]
[-10.587979373922563, -10.180769585862286]
[-0.6242530143807599, 67.5161627394957]
[0.8042421813551391, 58.457076117142115]
[-1.9534169855866943, -2.718851359398842]
[0.16813354947675418, -0.7243922959446805]
[-0.4913606743128934, -0.21580610886669072]
[-4.6903809611239335, 0.02230428740523871]
[-9.445660950093437, 8.811632065706386]
[9.3974974002351, 8.90677726670282]
[-0.3209834147693446, 3.2698967530284744]
[0.2960368381370695, 1.9600957890734012]
[-5.75991918559766, -5.68716282794372]
[5.769350623196374, -5.904264368933777]
[-2.1491221082731977, 0.49727448080245074]
[5.435166498099402, 0.3546837850610056]
[0.09527878223433772, 0.3502249078905654]
[0.1675454375783939, 0.3211081707193837]
[0.01297174145250668, 3.3780870225662616]
[0.10129373559117227, 1.2157102814455176]
[-1.239495352892468, -1.3448026532187654]
[1.0264104290969154, -1.0838658194777044]
[2.1978556661797524, -0.41530189851277655]
[-3.0075366551208425, -0.19193741813546827]
[-0.259508364339549, 0.1632738279964292]
[0.24541114451374213, 0.3494238683263782]
[-0.15582047495635543, -3.0494835548849775]
[0.0683393239078649, 0.7441719354920779]
[-1.7145017259816688, -1.0288538126576712]
[-0.28378790284998867, 0.43564194915191734]
[-1.8518471538669965, 0.40411328775733335]
[1.07678755217646, 0.03956603284287008]
[-2.546236677445626, 2.6224198908355696]
[-0.2167022609022246, -0.31100475723009596]
[-0.23891429647246537, 1.9878322391684842]
[0.4243724145576242, -0.13734504534769443]
[-0.9307366569413997, -1.129955135625221]
[1.3732087096870593, -1.1993474306528307]
[1.8261318445260786, -0.059622297016495684]
[-0.12448626465761037, 0.11556016212737708]
[-0.6304195936421293, 0.16385618586309325]
[0.2579445727814077, 0.15766547929195307]
[-0.38286826005760966, -1.4498014882960921]
[0.2628700343525683, 1.000378109280729]
[0.2309549129567109, 0.6295085054442108]
[-1.040669745969338, 1.1093345853316723]
[0.9857797651142778, 0.2426138457156808]
[-0.7878199620034902, 0.12216301002702973]
[0.11396007440579148, -0.13072001675274153]
[-0.15489041619898036, -0.11302717860756606]
[0.024780657019678354, -0.7109859424468788]
[-0.04007616352965382, 0.9752370234342554]
[0.04546987199279995, 0.2704536964351961]
[-0.51643776733875, 0.6899917575855214]
[0.4586266034431354, 0.07496552724355288]
[-0.8159080999222958, 0.097508424427843]
[0.31114408568089147, -0.18988797744510827]
[-0.4353063280973253, -0.32370707273311217]
[0.01607257336994994, -1.8946654085059742]
[-0.08224396955965929, -1.4252189470726209]
[0.2560919989335104, 0.43506217196107666]
[0.10873854201035205, 0.07716329821990348]
[1.3143534783785285, 0.08692073288716762]
[-0.2540557049299723, 0.13592809604124084]
[0.7681049175287742, -0.691460604885656]
[-0.5828239785982294, -0.3407912542115872]
[-0.05243264700065442, 0.21867686738203046]
[0.030024963230210533, 0.8364738522392818]
[0.4655536437878278, 0.2949581669005063]
[-0.1035714584078895, 0.012453506194930242]
[0.5950735581746239, -0.040432967447206536]
[-0.0872865261768534, -0.003658426542710466]
[-0.05783148577254771, 0.028335922893137355]
[-0.08323642234754625, -0.005228012801930262]
[-0.04144795298801651, -0.22593660903327842]
[0.0650741754667078, 0.18493635103965578]
[0.05124127599002093, -0.03490155885321414]
[0.22634346559909757, -0.27805671137391835]
[-0.1416765294746184, 0.015728173775527432]
[0.028790342309344297, 0.0607400812716781]
[0.2856150269719145, -0.22769006886839802]
[-0.4370821451430148, -0.3402030874786193]
[0.04937594540023127, -0.4377780559877099]
[0.004022911070734159, -0.20930060832239833]
[0.16350093910939612, 0.12080721597762936]
[0.15223564478803708, -0.10325556043611894]
[0.1758679248180739, 0.029755496994718744]
[-0.008278595499115582, 0.045747741476785064]
[0.3642539105517653, -0.18086152767687674]
[-0.39914483581534443, -0.22954746522884958]
[0.08719964975700434, 0.056919772193788035]
[-0.04594312102596004, 0.09027938471066776]
[0.3042127793833361, 0.17176069384573214]
[0.15917853551249928, -0.23401477026954426]
[0.2396076336467693, -0.021445945873712166]
[-0.3421061155263082, -0.021000479379535225]
[0.19708431389192693, -0.1375344885584275]
[-0.24059388097002635, -0.22419691316737375]
[0.029194426954122388, -0.052210025772517224]
[0.015562333091106995, -0.1841871576084823]
[-0.020113937957208894, -0.1116742415819234]
[0.226243877000393, -0.2663871095004735]
[-0.31186252966893746, -0.02663622024218392]
[-0.00013815455512350416, -0.03460290216992579]
[0.09179782077751886, -0.05823909210778675]
[-0.09843459919141867, -0.06404557051325349]
[-0.005068347264070627, 0.1647936468545983]
[0.007352785308077203, 0.1068352782465543]
[-0.0019164986811156526, -0.18305413985994473]
[0.031282687144167376, -0.21893998589905755]
[0.047794969125140196, -0.04529185877939276]
[-0.29078893870525624, -0.08588652840360939]
[0.05458348230636911, -0.11119179634179292]
[-0.056003814231921134, -0.14118698261291898]
[-0.00909209980315795, 0.16803431149566067]
[0.020846897569054584, -0.0010135094893835295]
[0.027755464145364617, -0.029453793137831696]
[-0.023945666470172766, -0.057898414910088264]
[0.15842625599782398, 0.04224672385863104]
[-0.3525393282364053, 0.012320213103299893]
[-0.02170219480019414, 0.027095263449158066]
[0.01564346545399803, 0.00899400173434986]
[0.015139022249667178, 0.08278003645337181]
[-0.03681856308382195, -0.04018260172112717]
[-0.02529375290118885, -0.04117769819088006]
[-0.059445275064659256, 0.039219255100856554]
[-0.0005155741020048676, -0.048371988587557174]
[0.039366356432542854, -0.08308049265231943]
[0.1255493252057545, -0.17023086760416584]
[-0.029329070005829377, -0.04163629710622313]
[-0.03981717079284869, -0.10072685602679769]
[0.001977557058808588, -0.01097026534814223]
[-0.04923888005685512, -0.03945609704625805]
[-0.02937635789632892, 0.03082204651681475]
[-0.0027199132347465182, -0.06512710460283086]
[0.0924894266343048, -0.08448661697166221]
[-0.0750015292338895, 0.016183342816647475]
[0.04275484806382682, 0.0701635966017406]
[-0.00514012603984354, 0.04001763144538037]
[-0.0036015599701228196, 0.11220865108563999]
[0.005443352625340764, -0.05518538367208767]
[-0.010966804676159014, -0.06346322076976316]
[-0.10234357540317962, -0.06711764179034833]
[0.09532858192511649, -0.07031646664235457]
[-0.040824521285731025, -0.04027497061583947]
[0.015688768530264935, -0.03177455200490038]
[-0.02394309376412322, -0.019514330387567155]
[0.0554931100246491, -0.05656018324272154]
[0.04035243965604099, 0.038120477982837506]
[0.10058449225013169, -0.08932374797253917]
[0.21416862086326616, -0.02921808091912878]
[-0.09392660822215637, 0.012973722918917987]
[0.07436892108467202, -0.11742142572594966]
[0.0035532705616808935, -0.021650263177834236]
[-0.012479254851759838, 0.11958117740777552]
[0.03122320871341297, 0.03795040733241272]
[0.11999646837833439, 0.13552206713597253]
[-0.011457168555361788, 0.04660132961623484]
[0.01868077124403296, -0.020273786400506432]
[-0.020189165727171735, 0.006463713643509221]
[-0.04643265781379782, 0.05742467851680734]
[0.06126219538972669, 0.05461524778507784]
[-0.01580621301601691, 0.09353302940964944]
[0.02105226540073811, -0.05067444582183598]
[-0.04631263581847554, -0.011697742799208904]
[0.022613434411177177, 0.02410621255992814]
[-0.12801570543255542, -0.018639837233148434]
[0.030698289152090594, -0.04420465129697361]
[0.022118701755805728, 0.027243006908297007]
[-0.052547681117632944, -0.07852216923584629]
[0.017338741719862535, 0.004791896973309812]
[0.02851275163083153, -0.14965727432824671]
[0.03646590153007237, 0.010978473064368638]
[-0.017236895790900236, 0.049708461612418806]
[0.022060096869897877, -0.029397761678352445]
[-0.0038818751021022224, -0.026864318280862283]
[-0.02576473729719181, 0.018931414642827014]
[-0.015448768202304439, -0.014433653697759188]
[-0.011911785665651861, 0.06315018143689144]
[0.00481589441291877, 0.013252369255017438]
[-0.02829713985076973, 0.021932022485739194]
[-0.05371285165059407, 0.06226739095456198]
[-0.10238215795383655, 0.03341371003166249]
[0.04339185919430458, -0.016425876767894254]
[-0.002346201484939317, 0.04160989109592762]
[-0.03265734117548799, -0.05230229571119406]
[-0.00012932102323931494, -0.014943023442638606]
[0.03009743626801148, 0.01675330274194453]
[-0.0395116567277535, 0.021471691955246938]
[-0.009711859644139786, 0.06384399588668649]
[0.04231500273332382, 0.017416649447975913]
[-0.07682275355733917, 0.027999011970916254]
[0.049621516562121465, -0.06838006429009344]
[-0.03395718706115497, -0.0337509834585302]
[-0.018440491758804203, -0.044189687193864374]
[-0.015335619296666853, 0.04817592035095812]
[-0.025949414919515024, 0.01916889643404096]
[-0.04351570870067126, 0.03124806310245838]
[-0.02030944026860415, -0.00156855861731503]
[-0.031415835914866325, -0.02035487857659163]
[0.017947047460509694, 0.0026175781755815447]
[0.012034033450281006, -0.002629367067976715]
[-0.0021818695489310425, -0.004913855266383327]
[0.001618358876660897, -0.027725795212842436]
[-0.03973211324770384, -0.03465927770814006]
[0.04665521880567758, -0.02329742646216776]
[-0.023702910395732524, -0.00013545380133392348]
[0.044554907328828164, 0.013482964333915916]
[0.06595269961781444, -0.025338160824880288]
[-0.016823013228283917, 0.03376611636445441]
[0.02100330614238277, -0.0032304807085462434]
[-0.03412634516767504, 0.009996751147528439]
[0.02479856846421366, -0.023699020712381474]
[-0.049960074827893414, 0.008094948213498418]
[0.09860229337149215, -0.02889139464533466]
[-0.06247218335444532, -0.01794101372061417]
[-0.0035206808085454233, -0.06126657270685214]
[0.023710255921160273, -0.018810175717131106]
[-0.024793607165822712, 0.006477073654766977]
[-0.004014016754545546, -0.01703086723844904]
[-0.013596254382285788, 0.04621408513050493]
[-0.029616700200719603, 0.0692494724316139]
[0.004732270949380724, 0.026561611989364728]
[-0.0008766445251429944, 0.007464753288971723]
[-0.043278727330695765, 0.06112557262315464]
[0.025181446186542084, 0.007094917967374139]
[0.05096482567730276, 0.0259814653569813]
[-0.027606694266040066, -0.028678746737299483]
[0.026577993016035972, -0.00813600375476245]
[-0.0063008948278496235, 0.025373215214405463]
[0.07224282986363885, -0.03730696829226067]
[0.005187635998028406, -0.00806772470743439]
[0.007673025857409366, -0.058122591470602517]
[-0.02017170445167027, -0.015976667362976375]
[-0.0021402880807619984, -0.07700169249913544]
[-0.03221137551293349, -0.015497209973087636]
[-0.003322224096301396, -0.015863509325349336]
[-0.048117503470850614, -0.004760355724815306]
[0.04671634495268645, -0.009254686518231484]
[-0.03887950417377792, -0.03291134634180434]
[0.005023074398223415, 0.010598497634809703]
[-0.02351850809534936, -0.02433088920691641]
[0.031869258944721174, 0.006848633698452081]
[-0.01719478581762396, 0.008655874959904185]
[0.05174312773608589, 0.009447295583325886]
[-0.036147915037352235, 0.007954026101471237]
[0.017271615529649592, -0.009414687890380014]
[0.004372087719159701, 0.00838314445438449]
[-0.017475612349429126, 0.030051107382406097]
[0.004741721749763533, 0.03589317208466935]
[0.033796735451391474, 0.020374639698754988]
[-0.036141265642165216, 0.039977464820375355]
[0.07072687062790699, 0.014438613590355732]
[-0.048684247761645205, 0.0032238750316272158]
[0.06464782956281774, -0.039532960466062333]
[-0.009879928635893931, -0.013381538588591091]
[-0.024268760943019635, -0.03740729173902865]
[0.04044419351889622, 0.007883102313145943]
[-0.014917139650777483, -0.006571411308402726]
[-0.005048354341678024, 0.02704054977355566]
[0.00792582923444507, 0.03844879697874596]
[-0.011098607064896016, 0.03862734160895839]
[-0.020353221574539365, 0.01969381691844424]
[0.03232871847018892, 0.02249897962928553]
[-0.033660670549549215, 0.08143049312682699]
[0.020475926907789294, 0.05124528593757831]
[0.05818207823692079, 0.04445308796626432]
[-0.039609842202814494, 0.007474602509700917]
[0.045266795447296365, -0.012545669791649894]
[0.010105487753183956, -0.022572753597079123]
[-0.0052424023772909, -0.00714652050175521]
[0.05244016072955138, 0.003804288036507855]
[-0.008099879096744533, 0.01624970684934275]
[-0.006336152077952045, -0.0006417226125961933]
[0.008520006281084236, -0.014035771749506182]
[0.011186907290287484, -0.03284971245895682]
[0.013326758837580097, 0.007216086869118454]
[0.03870001733918632, -0.012204470836205294]
[0.00641408220006133, 0.023320515380053038]
[0.032700341260564786, 0.03080613004766683]
[-0.018183418336261595, 0.024195241209077553]
[-0.0019918517153145743, 0.00807502729845555]
[-0.0023560829234538366, -0.003933143654681233]
[0.016669478330003942, 0.011748840642629793]
[-0.021369808057401823, -0.011107026806898235]
[0.023755906474857216, -0.02072574241425096]
[-0.06712658844015572, 0.03277963292294545]
[0.02226009670886124, 0.013267415270051479]
[-0.04990246333953005, 0.05164596208683525]
[0.016041244507385033, -0.0279789526979162]
[-0.003355427269393557, 0.0028700603577302766]
[0.03789413187485999, -0.0224656412241733]
[-0.011505956199519635, 0.004980608928615696]
[0.0451425634792235, -0.023844008394268416]
[-0.016881104735302882, 0.009925651819297644]
[-0.013276583217155802, -0.003045406179528899]
[-0.0018780630131694231, -0.014029458365833407]
[-0.0013641286776034378, -0.05783068731204323]
[-0.014065870823104731, -0.044255024077525774]
[0.02919950337030501, -0.04599532976533534]
[-0.012526972304577166, 0.0253808443224543]
[0.024312336317999672, 0.007491747393385768]
[-0.01860238914650627, 0.006886043208445637]
[-0.01928557622483322, -0.0034477145042466142]
[0.014392138099308179, -0.024396456654697828]
[-0.015870906505776085, -0.02617853738227638]
[-0.023631281327611275, -0.04560253730431273]
[-0.0007149056687078756, -0.011395715830204545]
[-0.03954201747351477, -0.0010214438981244849]
[-0.01751060390029397, -0.01036667270034649]
[-0.04184712180681729, 0.03053177230564649]
[-0.03416092279094084, -0.020150070500388396]
[0.010182944008371435, 0.00021566024391661553]
[-0.0004966602148158486, -0.03702089113760629]
[-0.007990122279481461, -0.004749758111215748]
[0.022087916733860423, 0.0021955782689842586]
[0.010030658002143998, -0.0001750540190565801]
[-0.01192857508957728, -0.00013129967405258163]
[0.0027901066643098577, -0.015194037767272059]
[-0.02838340878879845, -0.0008922868313832994]
[-0.003465937847910716, -0.06087818506976177]
[0.005758264079748901, -0.012405674595129926]
[-0.03876192620201658, -0.014960789618121162]
[-0.005329529455766764, 0.016375443857074318]
[-0.015022871333657435, -0.00692269729080003]
[-0.027726076894761205, -0.0217959441459415]
[-0.009752814687800072, -0.012494541621788013]
[-0.008685207122218874, -0.02634529713921366]
[0.014436550200853514, -0.03855226810780803]
[0.011976145416700924, -0.006585053679446375]
[-0.016011065505238738, -0.0012799294095234455]
[0.005186361936942045, 0.024209858128150193]
[0.0049724866484595065, -0.006237662416886187]
[-0.011294386777966639, 0.001305834788481671]
[0.015340641299712555, -0.0127165943021085]
[-0.01849005133462691, 0.009817412050635015]
[0.023601899616889035, -0.017589526433868376]
[-0.01203791328286008, 0.030529718527599566]
[0.008875606199920706, 0.01710193152623482]
[-0.026776799157175166, 0.014355272118189516]
[0.03883873426951655, -0.002772605025077514]
[-0.024916580214962687, -0.005380903583806211]
[0.037965073930095725, -0.028774735733177736]
[-0.01713068855337034, -0.0031209245486642292]
[0.01614611085355061, -0.03698790193219618]
[-0.005125479419911247, 0.0076549807201642395]
[-0.009042217888021557, 0.016420440488836917]
[0.0006708805244779598, 0.0017338569724033998]
[0.01435437074546038, -0.0032214231289142622]
[-0.0004144872045262621, 0.0016097661117719445]
[0.010928265198363714, 0.004601000508489973]
[0.007166543668242278, 0.016386715726976066]
[0.012764205037447879, 0.02007194491009521]
[0.0021150161730242867, 0.02725366692949454]
[0.03867518911185812, 0.04522354221158997]
[-0.010158585136032489, 0.015843845105038917]
[0.0410584845928348, -0.02428112699799912]
[-0.004437129797125253, -0.005096969238498762]
[0.0059459248299730885, -0.023402560771490707]
[0.010266942854399178, 0.007212232698718644]
[-0.015655353545361184, 0.00842950116124963]
[0.0050167665275486495, 0.014095376930833757]
[0.0058012445149909775, 0.0372729656364926]
[-0.005867823363880878, 0.0038145760544300786]
[0.005909864011390029, -0.002135218727763351]
[-0.005788910107155376, -0.003663860543479683]
[0.010327496753481671, 0.015483637165954488]
[-0.008181894009634774, -0.005978032658437819]
[0.02140757394251, 0.032838387804759665]
[-0.0073103238975198714, -0.004717461605245325]
[0.02173055823793575, 0.020958985294785695]
[0.0171991906172404, -0.0019252080879649872]
[-0.001015461670758555, -0.01591220681123922]
[0.014032717594963481, 0.011540068633358692]
[0.002347972894436473, 0.011786992236639114]
[-0.0023298305780083406, 0.01797445978015797]
[0.0030582304355894485, 0.03211597454547373]
[-0.01610546609917049, 0.021798809967879855]
[-0.0009217004529890743, 0.01401245601652032]
[-0.005238279025462131, 0.002710416665562966]
[-0.01744062250980334, -0.0032740726983403468]
[-0.009849538104542185, -0.006156337030524093]
[-0.004161469015297181, 0.01985918631899307]
[-0.0010610023721739775, -0.012657617860067263]
[-0.0021739534391202187, 0.021875910592453758]
[0.008161713056881958, -0.0065124170225421725]
[-0.00113092470233217, -0.00557867595915728]
[0.010783564788655317, 3.329551509553656e-05]
[-0.01981692669374395, -0.006216188299985707]
[-0.003243790752278014, 0.007979605719513727]
[0.0018365654780159446, 0.007897151796944626]
[-0.003006830179211953, -0.0034028881809646094]
[-0.006599687297818846, 0.009200556046361136]
[0.0025158783277002827, 0.0008023995163075268]
[0.006269264558929399, -0.018848967633061132]
[-0.014079051027894404, -0.005594810832054707]
[-0.00990365732712939, -0.0036363677921722078]
[-0.003071034749988197, -0.005558925119735249]
[0.003979959224628807, -0.008651874476937115]
[0.011725774882202528, -0.013407798005966264]
[-0.015268328604077314, -0.005327031981054196]
[0.005360857998253116, 0.003022955966239055]
[-0.025904943410324288, -0.010784513623167784]
[0.004539091953442764, 0.007395917204471494]
[-0.014685954020074998, 0.02504028467857295]
[-0.0008978754891278695, 0.013092053076409448]
[0.009026585295075495, 0.010590431272781939]
[-0.001431139724758626, -0.001435962712194254]
[0.015409832769948173, 0.0016683538752836832]
[-0.018829830045635695, 0.0011367631586144678]
[-0.003267672563666696, -0.018202461078160585]
[0.005233000305915392, 0.002663953564454598]
[0.008145393704625623, -0.002575106547844574]
[-0.00015899027236554453, -0.0019368259606087485]
[0.0005427719144373566, -0.022853889249599798]
[-0.0001832899476738592, -0.0046998606600519854]
[-0.01628349019081818, -0.01595236225802036]
[-0.004224822773435749, -0.003311033186770354]
[-0.023344392852354068, -0.0021683742181182394]
[0.008327650834077396, -0.0025915692766105974]
[-9.458813893462037e-05, 0.018538305766477588]
[0.012507759250081282, -0.008325492552577939]
[-0.0031144478450571417, -0.001409026383979996]
[0.013625255547765322, -0.00189702316233923]
[0.0084767000119126, 0.00016302024971542178]
[0.003989891167370779, 0.003081131913703572]
[0.015369240417933694, -0.011881494014902062]
[-0.00103567390604202, -0.0006536767506646751]
[0.01014045739892952, -0.01813209416898061]
[0.00825049608039058, -0.007596484885249145]
[-0.002715062501638249, -0.030909025527336924]
[-0.009103142921027485, -0.0062375432886202925]
[-0.0057415026718571766, -0.021656185352974828]
[-0.003901297361649403, -0.011599417104088593]
[-0.0054973183920123125, -0.002056370287192251]
[-0.005806651107356828, -0.008292044164772243]
[0.0061131864462593, 0.011925576481839437]
[-0.0019313712028352081, -0.001400049101230108]
[0.003775019530886048, -0.0006874894383578078]
[-0.011088216584690204, -0.01156796585706319]
[0.002579105387094438, 0.0058732358607347344]
[0.01136411047906135, -0.008395799103093467]
[0.006883617812989115, 0.015212009563786356]
[0.013016819527958003, 0.0001581677635027548]
[0.011802303976306584, 0.007254697431932768]
[0.010055871357678596, 0.01561554988203117]
[-0.0057527348289758, -0.0003390249218872751]
[0.0027616565443037977, 0.009348175819956062]
[0.0069794633955228905, 0.002173168308792127]
[-0.0055381262567310505, 0.00878231827176066]
[0.011512321338339744, -0.0014324889821156622]
[-0.010713972145987526, -0.0030262349595277446]
[0.0027295544005135827, -0.016029203939276274]
[-0.008553427824897056, -0.013753874630952422]
[-0.008907206864506453, -0.007840673825127924]
[-0.00023717205937201502, -0.015139302249503536]
[-0.005253718983634484, -0.002569358341890579]
[0.010233691511505466, -0.006647385985042019]
[0.00023166712772919318, 0.012614900173587022]
[0.0007422909949878626, 0.004110601683009772]
[-0.006512229397188887, 0.009858822458210442]
[-0.0008256062075132006, 0.002641391334725872]
[-0.005937715906744814, 0.017004159507340983]
[-0.0005148481567093278, 0.001533856686323283]
[0.015705014314133146, 0.020918808802673862]
[-0.002370480551278125, 0.007466348033080345]
[0.027930247873017042, 0.0041873462639272704]
[-0.015009666829014272, -0.005449040175942301]
[-0.0027965268843874527, -0.01578114815589749]
[0.004882402947774946, -0.0037966371243838767]
[-0.00908409475460445, -0.013902004739543613]
[0.0023732457060720545, -0.0024867610440597876]
[-0.012311587467116233, -0.010285917243769236]
[0.004390656516605772, 0.002931191765558134]
[-0.0196820720670488, 0.003339838137083103]
[-0.0027921442859261854, -0.0009269609216359543]
[-0.01986168595592836, 0.018549358013494905]
[-0.002467475326741197, 0.010700362116135835]
[0.0050285169355080254, 0.019586604920844446]
[-0.0030075289815310532, 0.002740647891194415]
[0.008233218333034354, 0.0044416797986746]
[0.005603241789083009, 0.0014585907156600365]
[0.006266083388570834, 0.0014161402745634438]
[0.00035639280684312755, -0.002774486447347741]
[-0.004797278826386701, -0.010138108606004236]
[0.001978150106157258, 0.007055742348832902]
[-0.0030296444164043847, -0.0017603799509924353]
[0.006638082414451619, 0.009695202089322832]
[-0.0038296438078512275, -0.005209317533902236]
[-0.006818231402677243, 0.0006283540156788534]
[0.00144493197973386, -0.0007640927852640006]
[-0.010555261410818528, -0.0075129772098272984]
[-0.0022414105191412882, -0.007191859837354838]
[-0.004692238754250792, -0.002237013697057826]
[0.011930934387827274, -0.0028257806056965675]
[0.0036458205950398864, -0.002098360452243783]
[0.0008441359525717083, -0.007303919934368488]
[-0.0019729856982770855, -0.004020854111206267]
[-0.001245912983116472, -0.00017730326317940553]
[0.0005275453830948934, 0.004626838652413829]
[-0.0013122821544112213, 0.006278628294910053]
[-0.0023727848333256057, 0.013806814031898498]
[0.011080142085732731, 0.004950478841812447]
[-0.00038992139862835395, 0.004935742319591242]
[-0.0005407740535393994, 0.012666426148199184]
[-0.005810727960537325, 0.002349617314337391]
[0.009970625096396738, 0.0036885066496107413]
[-2.1601975441362664e-05, 0.003499384679961446]
[0.005706947434762865, -0.006989729645395071]
[0.001853219264955512, 0.0005805776741411826]
[0.0012591271755804136, -0.006674212017621986]
[0.006511931086097308, -0.001032315850673756]
[-0.017008510235525146, 0.00048228554632914755]
[0.008227907666933654, -0.006108527259160116]
[-0.00834811560963239, -0.0010173012791638014]
[0.010989017625931366, 0.004974182749509313]
[0.00030225688271869056, 0.010050340415451588]
[-0.0008906657365291906, 0.00636991393142795]
[0.00917004211180579, 0.010173054402663556]
[-0.0025930977800660143, 0.002159797840458052]
[0.003299282419487043, 0.001258920492520188]
[-0.001667654580457971, -0.011556951967739877]
[0.009520719446467714, -0.010080129831701548]
[-0.0023057557272294846, -0.0017011601618593906]
[0.0035442362144595604, -0.0019550755253113783]
[-0.004246252620832704, -0.004579746659756353]
[-0.006513253471579182, 0.004850234725144058]
[0.0032502052696384842, -0.0013190386140368646]
[-0.005623315682270091, 0.006479499872169565]
[0.00070507982763926, -0.00641443572995706]
[0.002950330769361166, -0.0035479932471610756]
[-0.0037497274934672753, 0.004262193177858198]
[0.002763551037247812, 0.00532780430024745]
[-0.005547806490339688, -0.0034417546814050903]
[0.0016717617800691698, 0.004526808716146351]
[-0.0037207366992140223, -0.0030162350575393786]
[0.00036232809029852764, -0.004712742461532665]
[-0.0010587272450191948, -0.007050026330798046]
[-0.00631053074991543, -0.012715463365382762]
[-0.0014708247874250097, 0.0004418069304374817]
[0.0023964932068775285, 0.007600809878036949]
[-0.006973720911448919, -0.003198014669262301]
[-0.001064214077736339, -0.003496831621406425]
[-0.004186365363145442, -0.009694239570355302]
[-0.005088128973654016, -0.005413076422089803]
[0.0006270871386818561, -0.0038291880659064147]
[-0.007887488522099403, -0.0010237805323747295]
[-0.00031032048617256336, 0.006563965588885215]
[0.008456754080846701, 0.005655241609523805]
[-0.00795778133733778, -0.0052607015319210354]
[-0.0057417765312089, -0.004227836403558376]
[0.0017441647467102417, -0.0022808605756259766]
[-0.0013297301956189944, -0.007420741213911071]
[-0.0009974654441743946, 0.004578700391155658]
[-0.0016818465705882302, -0.0074903459783977645]
[-0.006989702852159954, 0.004683231426912067]
[0.005603857758464406, -0.00045528506950057515]
[-0.004890408692218254, -0.00658681423552529]
[-0.003965527936628382, -0.004551395445435178]
[-0.0038193462084568086, 0.006081196065763565]
[-0.00021854276414805252, -0.011322893540940175]
[-0.005948850253453472, 0.002290214595491412]
[0.0007907199055927766, -0.0010272281077023382]
[-0.011730346622247742, -0.0016290425918275876]
[0.007912905019416647, 0.003787381794255043]
[8.831553498277189e-05, -0.006124405688781382]
[-0.004315432946915082, -0.0017118657592176505]
[0.002526774681708213, 0.006406581553059901]
[0.0051370649490934395, -0.0013507865973330976]
[0.0006995776593785308, 0.008904280955885416]
[0.008300943964219376, 0.002554845019054215]
[-0.0015027952136350553, 0.003359319338188175]
[0.01283692598793136, -0.008576273251126025]
[0.0041031322434533085, 0.0011782781452339443]
[-0.008806280608087691, -0.012622231139278831]
[0.001868523333294056, 0.008650467518572926]
[0.001063077703887888, -0.0052344570062431445]
[-0.0027844880016624773, 0.00838189173160057]
[-0.0009042383307191898, 0.003604335248782566]
[0.0014438948188593842, -0.004654329896438686]
[0.00900520964819776, -0.003589267836080188]
[0.0017746879840953994, -0.0025934954735019194]
[-0.005040472455867626, -0.004599686740505191]
[0.003321353797139631, -0.000900083059943449]
[0.008656276780109093, -0.0004210088100160339]
[0.004142504987555445, 0.00027869998832976556]
[0.0063203943226296105, 0.007948535287556402]
[0.010221158766204816, -0.0015149438276553656]
[0.0059959896421985515, -0.007277592234429803]
[0.004753329423700103, 0.004296507659666195]
[-0.003583049643081815, 0.005082026831382968]
[-0.0010172858791008682, 0.00686652795990696]
[0.014090075885137408, 0.008796928850885583]
[-0.0037585054681327293, 0.0006679600873285702]
[0.01370707334182427, 0.008692163739298462]
[0.004494326892275552, -0.005719653494055496]
[-0.00039420227886002857, -0.009116386075873204]
[0.008627217935591056, -0.0012698396127494918]
[0.0002211282334190351, 0.007612799585188037]
[0.0005871010437983673, 0.005078879280695989]
[0.005344584612039328, 0.007042297845065916]
[0.0035746104015508123, 0.0010922939112855273]
[-0.0006437226251444286, 0.01162352792393644]
[0.004870699209038577, 0.000663504403313836]
[-0.009554928884500664, 0.003372106516822529]
[-0.00023308063449100497, 0.00141877300757981]
[0.002200574790655989, 0.018163018659970435]
[-0.0025266027828769327, -0.0037654704759498628]
[0.008129165203375345, 0.011794861435453583]
[0.007549507493147187, -0.0038869424895075708]
[0.003698752476338149, 0.000388223405391408]
[0.0062779345101740824, -0.003978738674044337]
[-0.010935982226712174, -0.007949213691018007]
[-0.001507601953128896, -0.00011682536640929969]
[-0.005596406874873706, 0.00719876237423845]
[0.0006479178220866674, -0.005484853882889121]
[-0.008853579615883095, 0.007930217264179057]
[0.0057778312091190664, -0.001528891909876165]
[-0.010627487762223414, 0.005725985482906426]
[0.002054534631871295, -0.0043162214706924315]
[-0.010802555446493937, 0.010009184309467904]
[-0.0031305856848200253, -0.0011473641420033723]
[0.009740060624323303, 0.010565206572038244]
[0.0023382992120253125, -0.005709356629498986]
[0.002958377388668807, -0.004678735306463011]
[-0.0001842018150207854, -0.0009365920647086134]
[-0.013371793578797832, -0.010078341111538207]
[0.0004555110708506921, -0.00079019092498692]
[-0.01960972140095882, 0.0009173406700310957]
[-0.0034455826877745517, 0.00089728370687394]
[0.00040425798366564014, 0.003900987401932586]
[-0.003782644612653468, -0.002637761469471405]
[-0.00991335799245037, 0.0028422575162124174]
[-0.005075179944360866, 0.001635336201419823]
[-0.011019253946619588, 0.0030542698367694143]
[-0.003726109399968834, 0.001981111700046348]
[-0.005465308152629109, 0.007672746730025114]
[-0.0004216317740468045, -0.0005524445886996368]
[0.009545978495209696, -0.005742311729309899]
[0.0011034295591346374, -0.0014393111248560582]
[-0.009827079257415175, -0.005547481739290104]
[0.0006609307553813691, 0.006517821342493364]
[-0.009492278719003478, -0.005349971108388303]
[-0.0021338822542289262, 0.0032922015414639768]
[0.0001789808878089917, -0.0014733582454145608]
[-0.001462348103107823, -0.0010092323092166988]
[0.005039871244426893, -0.015443175664748366]
[-0.0015278416477224888, -0.0023422709774711665]
[-0.0104562789307521, -0.009190894315732188]
[-0.0032935145817931007, -0.00035215502655367315]
[-0.005485730666222155, -0.007751221579070904]
[-0.0006059921949978231, -0.002562473811311565]
[0.005268042089273416, -0.006633120089804355]
[-0.0012045819598007074, -0.0032296897081245148]
[0.00048009633112832545, -0.011825670226361131]
[-0.001021517988570482, 0.0013966768346639468]
[-0.008847741289844679, 0.0012872740580094372]
[-0.0007083689690925848, 0.001821307312874769]
[0.004004317228947157, 0.004439927935924279]
[5.6864184138943896e-05, 0.0036789293309002317]
[0.014552482300502646, 0.0020108252798214203]
[0.0006746714753082077, 0.0045004262836102794]
[0.008973818012756877, -0.008165897409982654]
[-0.0029888302151012784, 0.0038779248683375213]
[0.005185021852124733, -0.0026855541617458838]
[-0.004388201181207994, -0.0004845853164530782]
[0.007347176417588454, -0.012226367235098862]
[0.0022235935497720016, -0.003067159433267363]
[0.0012899258084380742, -0.011413310521363913]
[0.006521057738429557, 0.0002628638473303503]
[-0.007368101801713229, -0.009605379261543125]
[-0.0024568424820837972, -0.0019986987497952954]
[-0.005253073556579755, 0.007420546540979289]
[0.0014345333225627005, -0.0006754669945529847]
[0.006547199055276329, 0.003960693466016279]
[0.0024976252306756624, 0.002385479822350045]
[0.011057441612803882, 0.0035735407488558385]
[-0.0008596514327576729, -0.00012325166786613523]
[0.008123663127971074, 0.0016102542440511736]
[-0.005405714999426922, -0.0038345083144153275]
[0.015930284261189216, 0.003765549946580543]
[0.00045615779231673176, -0.0005320807983860663]
[0.01724839010898665, -0.008381792321675793]
[-0.0035613331714534693, 0.0005085512778805756]
[0.005847558427702074, -0.009938022454392868]
[-0.004314169157445917, -0.004725589067614118]
[-0.007986688592561582, -0.0012484744702175865]
[-0.002727335941959133, -0.005449374338189334]
[0.0030200083850160653, 0.005171303176573203]
[0.000727833684744883, -0.002407303101422502]
[0.004582179648039565, 0.005403917349041491]
[-0.0026324583915868782, 0.0008102438822158581]
[0.0015955056802746323, 0.006968461440387451]
[-0.001981742030927769, -0.0023932843141680725]
[0.002254638044109275, 0.010540369837202995]
[-0.001125833934071216, 0.00016069952245747338]
[0.011210456430779545, 0.000920679521316907]
[0.0021974280983207764, 0.002092170410749432]
[0.0020710907109934215, 0.0010660881705812572]
[-0.0035942296349853117, 0.0036184407167103947]
[-0.004538844357449126, 0.006773451741341793]
[-0.001284320144361556, 0.001860890767387463]
[-0.0008209070360150825, 0.010325792574761142]
[-0.0016553740087796864, 0.0027437174095057623]
[0.0058809092237997185, 0.0029021172875781133]
[-0.0006584329384489163, 0.004143205102465146]
[-0.00043669680924031395, 0.0008212028896466828]
[-0.006407437396525981, -0.0034736188880254808]
[-0.00819976047624213, -0.0005560697865020295]
[0.002140959653828961, -0.004165570984069946]
[-0.007046448722735667, 0.0018900955117291465]
[0.0038092092032509933, -0.0025200967502863447]
[-0.004279089389644941, 0.0005505235893863772]
[0.0016582457054506172, 0.00310415769528355]
[-0.0067025987167073225, 0.007969416295695936]
[-0.00262481726761854, -0.0010230994361104333]
[-0.0018613511926094187, 0.008882016281769586]
[-0.0005026387562900164, 0.0027571745726482477]
[0.0075806569366534265, 0.002785773462754902]
[-0.0004372489870509977, 0.001126843200825049]
[0.00716019633822889, -0.007850552263724055]
[-0.005635694808266187, 0.0016607404486018692]
[-0.0021988414411826113, -0.0028297994470848197]
[-0.003137209929556753, -0.002215696358207616]
[-0.008002540032593874, -0.005866487750454036]
[0.002612107714672296, 0.000927382241380139]
[-0.008685236941411462, -0.0034627987738460667]
[0.00539230439392116, 0.003432886653628465]
[-0.012043070698081346, -0.0014478333689041337]
[-0.0008308182755780158, 0.0011288935776073115]
[-0.0076501456256604095, 0.011506059236129634]
[0.0016530218934514423, 0.0025050162396481647]
[-0.0003649586722145881, 0.0031737164351862083]
[0.0013300215005198485, 0.002613875710133058]
[0.00826646057717928, -0.0030271047396486176]
[-0.00115337361475977, 0.0007195002799396041]
[-0.00024063549631749004, -0.010945468879472425]
[1.1007920925773518e-05, -0.007675152527886312]
[-0.0017990154909424544, -0.004365015412388408]
[0.005992429365416628, -0.001922517502081205]
[-0.0019133820045417749, -0.006068341398181961]
[0.003393517483524948, 0.003958855420516969]
[-0.0021351135451478376, -0.004605722724533904]
[0.0029772388746740763, 0.0028522439518582528]
[-0.0053689859003649976, 0.004585482285036324]
[0.00029692255272958934, 0.002767939401186272]
[0.005389053566747723, 0.004747420988327643]
[-0.0011862953738625767, 0.002309760153718435]
[0.004817867266395659, -0.0049257609038549765]
[-0.0012507858182787268, 0.00019983562780701014]
[-0.0013146162779056059, -0.0033074660185971466]
[0.005275954256417158, -0.00023297415021418869]
[-0.001235680529243971, 0.002713468602924686]
[0.00039607847704352384, -0.00012621596434453028]
[0.0036436705891073895, -0.0010959282038593941]
[0.0004254329239166757, 0.0010241324334136596]
[0.0004776402743853145, -0.0012457048673230834]
[-0.0014670578063603612, 0.0011632511006177994]
[0.0028068956886356106, 0.0024286855757977045]
[0.0008575600104548803, -0.002581323995795748]
[0.0028838900197890108, 0.0020378808916433275]
[0.0009022127427698451, -0.00611267636305543]
[0.00427578538110826, -0.0013254878230679543]
[0.004518256839701425, 0.0020037083121915607]
[-0.001380836254543244, -0.002092587188410301]
[0.003766185358151153, 0.0008551318230346355]
[-0.002609263789655883, 0.0020960151259121797]
[0.004768608215287948, 0.0010092561441822114]
[-0.0037280074993335938, 0.004587477889657181]
[0.0006700981695759549, -0.0004544795036877797]
[-0.0009780910509208304, 0.0015862204668487256]
[0.001278577823267478, 0.0038555907009480035]
[-0.0010283003179756486, 0.003571230285753138]
[-0.0004342674301613704, -0.002572886791703737]
[0.0025612190192281226, 0.004342256864539252]
[-0.00030814714633140006, -0.0013603543731869928]
[0.0019673732422881354, -0.002475073851789668]
[-0.0008969173266082375, -0.00570133550797064]
[-0.0016158974366893425, -0.0096294989438604]
[0.00011935830462723312, -0.003477645740948568]
[-0.0034021684767229013, 0.0034583475416443514]
[9.17362370479527e-05, -0.0031491640814987273]
[-0.0034545177641525024, 0.004769347397994995]
[0.0018876645321280194, -0.00032029607114544487]
[-0.0012603104747631114, 0.0046083991928622045]
[0.0007576753780831336, 0.0005481596053196307]
[0.0022798042285922006, 0.0010047286508418352]
[-0.0029406967146979462, 0.001997155734773933]
[0.006545716415663781, 0.006171799384272106]
[-0.0032778008819083944, 0.0008551860096421317]
[1.96610691631377e-05, -0.001753903663260302]
[-0.001616552573420714, 0.001508548717137858]
[-0.0005068164477390995, -0.0038340292141615297]
[-0.004143357837663456, -0.0003715087295095877]
[-0.004673946934870804, -0.0049216124309539346]
[-0.0023051257058449293, -0.00170990958124192]
[-0.002159494614014483, 0.0035021929168311755]
[0.00010498477497012, -0.0015992254158896779]
[-0.0050745474245217845, -0.0011871172252378472]
[-0.0004654139272871321, -0.0006860348319992719]
[-0.0020532028128544787, -0.0016220631036616912]
[0.0007215835312651304, -0.0011403680566066518]
[-0.0023469125181223953, 0.0009352128589638605]
[0.0003995181515363058, 0.001439778855726108]
[0.004190009405894205, 0.002933123403547026]
[-0.0003501784831068371, 0.0010602381397511376]
[-0.0013071839015963618, -0.0045631511342427225]
[-0.002509689035589558, -0.0006501760300585608]
[0.002154609171141084, -0.00342052371483633]
[-0.0014062284474203636, -0.0005190010780563655]
[0.0013757290363616958, -0.002633616572499675]
[-0.0004994801558364202, -0.0010426884628428642]
[0.0027980474265736945, -0.003627140574147592]
[0.00033201622239095036, 0.000259137620984241]
[-0.006099930406276205, -0.0029524099475209276]
[-0.001052756155167922, 0.0024566228896743727]
[0.0025540394529785307, -0.0007820493343512671]
[-0.0025597527035926895, 0.0022034088414018896]
[0.0013784689500531133, -0.0008545050686853926]
[-0.0016913547255396205, -0.0019538619922651896]
[0.0033489708282886475, -0.0013673014885923294]
[-0.0016847498088429329, -0.0009115694001463458]
[-0.0016560389486844542, 0.0011709981188633388]
[0.00043342122007920467, 0.0009313893500621159]
[0.006799442381766109, -0.0013562651176352459]
[0.0007792182765102747, 0.0013768035220614577]
[0.002949164250479799, 0.0008598533918209618]
[0.0001974212131319597, 0.0021319327843960234]
[0.004317047548030308, -0.002679495826467093]
[-0.0045880956300165775, 0.0021469791421866377]
[-0.000544057821998456, 0.0007856389861327674]
[-0.0030851591333641327, -0.0005498096274103633]
[0.004231668418601727, -0.0002460548968373638]
[0.0009259499835078018, -0.0014722496120689339]
[0.0036067291592979337, 0.0004521741134887666]
[0.0007106280926080961, -0.002587449510439037]
[0.0008347440322705631, -0.0032414519716081613]
[0.0016078316989852175, -0.0011165533539260128]
[0.001785531324257874, 0.0008887617933271315]
[0.0009355855807953589, -0.0004187168964530051]
[0.002213466784264897, -0.0015908539009915068]
[0.0032091087584447814, 0.0016784967348360373]
[4.277185726422189e-05, 0.0015561380235602773]
[-0.0014370164133910707, -0.0004655283689532219]
[-0.00027446541141307873, 0.0030041520151224063]
[-0.0026484011246226333, 0.00013896970127248026]
[0.005808411892536166, 0.005009103142312742]
[-0.002535144936052565, -0.0023333518368400166]
[0.005454446950351841, 0.00030601554585209245]
[-0.0002443040274589456, -1.5732568940964725e-05]
[0.0010125937812396901, 0.0011894314893778]
[-0.0011668002615980236, -0.0015322748674680108]
[-0.003777331683786113, 0.0004873187694150079]
[-2.7453395362982136e-05, 0.0003003327413126696]
[-0.0017839608364076942, 0.005901422710332761]
[0.002145907376918603, 0.0018918807278756541]
[-0.0013486894520510911, 0.004503312079151715]
[-0.0008203305606663963, 0.003759828508969963]
[-0.002065924647903075, 0.006408780285076188]
[-0.0012555368801707642, -0.00024226361296625885]
[-0.0014084494552908389, 0.0037639459843310276]
[0.00034085552418863796, -0.0006117308657789065]
[0.004325619039490351, 0.0004170935489066184]
[0.0018582796908638358, -0.0007392159137825961]
[-0.0035163388646002047, -0.005226170674408278]
[0.0008603970704619684, -0.0005830161253049491]
[-0.00813609850486903, -5.291531019877699e-05]
[0.0021614791589632185, -0.0008226403532840829]
[-0.005476051153432297, 0.0005826788219096372]
[-0.0007306269969793444, -0.00034553160382238754]
[0.0002964319226571449, -0.0003521654928538426]
[-0.0016211806563372413, -0.0008082110394756134]
[-0.007995114922134394, 0.0021511735691465764]
[0.0008780378975453071, -6.751187804555957e-05]
[-6.537261007925205e-05, 0.003433776368780707]
[-0.001220000557625861, -0.0010729471188114467]
[0.0024131076534134877, -0.002428769153091051]
[-0.0007100233201722886, -0.001704204446828598]
[0.003591082179447272, -0.006341927622639909]
[-0.0009720758550416306, 0.0002219041879645339]
[-0.007592641342365591, -0.002680664984813147]
[0.0010211551799737331, 0.0016059658953029203]
[-0.0034985282915566615, -0.0022267146103589555]
[-0.0005561605980667975, -0.000598850064256526]
[-0.004030831920207784, -0.0012163320150671876]
[0.0016447949117921051, 0.0013730240635502471]
[-0.001697632970900087, -0.002887006973920265]
[7.386730891727894e-05, 0.00039816395248087454]
[-0.00472143180160263, 0.003298920708099855]
[-0.0001536620513286971, 0.0012047132243786333]
[0.001891513395170366, -0.000782460365263575]
[0.0019642696353130915, -0.00019725400897251978]
[0.0010060985404902745, -0.005020202727573758]
[0.002828432226077357, 0.0006918639473077037]
[-0.0010985187422409629, -0.0050926125282903896]
[0.0009492776558973834, 0.001830520882085216]
[-0.0022239088147298428, 0.0020752235231913324]
[-0.0005764006669846944, 0.002030801681227344]
[0.004197950910899688, -0.0021636711901022853]
[5.3208914609290114e-05, 0.0016914589013337974]
[0.0028489466115625903, -0.00589865447103214]
[-0.0006620994484889051, -0.0019995339117970523]
[0.00028947161365547314, -0.003831449671444924]
[-0.0004556916863458077, -0.001327574359281658]
[0.0005348468128458725, 0.0008882042055265464]
[0.001571168059263793, -0.001217531497002742]
[0.00287655333134354, -0.0052085223701836755]
[0.002346448599615185, -0.0003222995650556358]
[-0.000735397862742751, -0.0032984810455161852]
[0.0012143485593726008, -0.001433330505433053]
[-0.0005178161257597125, 0.0023818988020468043]
[-0.0013649260335852828, 0.0004801672173830318]
[0.004414368529153827, 0.00549383202272362]
[0.0007244275419107105, 6.342694175918984e-05]
[0.0068291602234522505, -0.003107844941393491]
[0.0003694095429979116, -0.0009582346189597885]
[0.003994985216563766, -0.000412231774478097]
[0.0001634705127038366, -2.7266751720048804e-05]
[0.0043409731532445955, 0.0013131286460394982]
[-0.002066260209132746, 0.0020251404110354816]
[0.006006316012886863, -0.001151637140630376]
[-0.0001432523254403864, 0.0007439631859688586]
[-0.0010275455276394646, -0.00609967931200002]
[-0.0006452879561289343, -0.0015095794448818645]
[-0.0057573349632766765, 0.003058010781725509]
[0.002074980173943426, -0.0004700618841326151]
[-0.0014716131703460394, 0.008343469605855882]
[0.0005167033290381998, 0.0008908506899413665]
[0.00458728954217473, 0.005299208080657701]
[0.0008826661625456374, 0.00023095495356275156]
[0.0020474723225465397, 0.00305434703326953]
[-0.00036029353359843044, 0.0003076359437635297]
[0.0032661090495649803, 0.003526967687628526]
[-2.7534159278655435e-05, -0.0006201836840835882]
[0.005970202087448497, 0.0021981119758701304]
[-0.002331358610053954, -0.00026221026124424035]
[0.004380931287308404, -0.002754569521167663]
[-0.0011470121336623375, -0.000214749938896152]
[-0.0021413933090593668, 0.0006955838487764966]
[-0.0015055545121134377, 0.0013719792436380808]
[-0.001127395365277374, 0.004100954449561279]
[-0.0011005612656012909, 0.000757702519064072]
[6.418818881639976e-05, 0.00434184947793799]
[-0.000741528828815851, 0.001305409355641135]
[-3.6883938432655944e-05, 0.002408856699906585]
[-0.0011333445749250604, 0.0023181742140332313]
[-0.003047280697647141, 0.004752429826953196]
[-0.0014234400114153094, 8.220355815594799e-05]
[-0.0007124406625212687, 0.005873151158477708]
[0.0005008560903372542, 0.0009709653665997565]
[3.8109217917300237e-05, 0.0026158419127232293]
[5.9863029862574496e-05, 0.00042034329037512856]
[-0.001997700742288014, -0.001180329910562902]
[0.000254144113099734, -0.0013795509835182445]
[-0.005209921666962967, 0.0029268280890061404]
[0.0029267603407490683, -0.000977279263769365]
[-0.0010989469577195425, 0.0037028942746864663]
[0.0015682047100971808, 0.003226602937600931]
[-0.00017312298530759718, -0.0005638939928249431]
[-0.0003817002048486784, 0.0009921834332456258]
[-0.002414487483641906, -0.0027337245501695834]
[-0.0003593386946814242, -0.0002810967267926536]
[-0.0043599801389414515, 0.0012815116718123114]
[0.0012345141722647779, 0.00033172196771519974]
[-0.0028963522511042776, -0.001754244141587597]
[0.0005007862237140729, 0.00032962420926115413]
[-0.004971612661399231, -0.002226183564358297]
[0.001637862781905865, -0.0011085060498553377]
[-0.005511819311657673, 0.0005585088141881098]
[0.0005809814238436333, -0.0005057485675196362]
[-0.0017932153494268303, 0.004952131858470695]
[0.000376243854964594, 0.0012014532789513645]
[0.0022972552519363535, -0.002611234217703711]
[-0.0019549608686601407, -0.0015453291502878202]
[0.0009317810394545278, -0.005269902443959328]
[-0.00027770534543255544, -0.004086779139176292]
[-0.0014507868741394578, -0.005279294340377837]
[0.0009638292241207404, -0.003458806194719246]
[-0.00046200363772411386, -0.0019441239936116824]
[0.0007559722130739497, 0.0011061399088076185]
[-0.00126891927499727, -0.004345861295550901]
[-0.0013063273030065638, 0.0006784353326790785]
[-0.0025842866629374097, -0.0023879943118602035]
[0.0006119918544184189, -0.0017245666912297612]
[-0.0002487310428841323, 0.0014652825794353556]
[-0.00171587567887024, 0.00048620221015735834]
[0.0038177253525919705, 0.0011410420305365543]
[-0.001987604408018182, 0.0008187871929349923]
[0.0030864276503508054, -0.00485741692511113]
[-0.001800910744066471, -0.002399559726398482]
[-0.0006945854474229522, -0.004648832274523024]
[0.0026987179972535955, -0.0029224247865689227]
[-0.00048670600894436776, -0.003319316548066508]
[-0.0009454043084580685, -0.0013125972256385829]
[-0.0016709199402358457, -0.003314954026202365]
[0.0016076192279458786, -0.0006153095589738269]
