[-261.7826172597596, -77.8936392002483]
[-84.28525063805759, -117.57641226375017]
[37.73118314678507, -52.75631453899867]
[-19.620636167574723, -5.791267992259305]
[-1.848405806032325, 1.0447658475711172]
[-17.487400268268352, 6.598212434142381]
[-2.453364258305566, 0.28523642313148323]
[-44.31110293238965, 56.87198970633198]
[38.45268448393618, 48.87686173845014]
[1.427787762917486, -16.717878222260396]
[-1.2192409927858776, -13.963114255572872]
[-2.3665428029699545, -3.0683620447359026]
[1.0561676054625373, -1.1470005080277366]
[-9.204128511421832, -3.5136888818364582]
[9.03503679315128, -3.6723850185055777]
[3.5593891968052453, -0.8272387230731031]
[-8.648463837766448, -2.2041861641266296]
[4.166950536444152, -5.2709567971753835]
[-5.0483195997859935, -6.41799622763474]
[-0.4872549888394655, 1.8620986367437222]
[0.3003197111920137, -0.15461963272174017]
[-0.713348454800796, -0.339205794695447]
[-0.17496452080495928, 1.1263559575862603]
[-3.3966357954407274, -1.40961437403298]
[3.214046762958181, -1.3307683480512216]
[0.42747214135168754, 0.09486537177523502]
[0.5207084687648607, 0.22033731670459655]
[-2.0056755677220504, 2.3421556658049862]
[0.6601187169064993, 0.7395252632154756]
[0.39749720937773914, -1.0712535968336097]
[-0.38187468707525873, -3.067481308809862]
[2.3872200672170445, 3.7095900668870136]
[-0.37366102934528644, 0.7172643803231793]
[2.968208417233633, 0.8049621972986474]
[-0.6381296580962359, 0.19485395419684348]
[3.1797856144204024, -0.6564198475055436]
[0.30672853907711994, 0.32087278995955515]
[0.8281408872634684, -1.1740076388625482]
[1.4390259678918111, 1.5916052222891075]
[-0.2530356459648866, 0.3570501177168097]
[-0.1868090220145011, -0.040911341321818284]
[-0.5929680213118056, -1.3129189774849026]
[-0.4797993260847533, 0.5153780124570497]
[-0.5419562861133302, -0.20711217088844824]
[-0.46264376956491104, 0.09885502027507886]
[1.1621403713018763, 0.17967408814929886]
[-1.4841299510912456, -0.19752703911242708]
[-1.786288564934548, 1.5956700165549913]
[0.18114981323113666, -0.12459019978254027]
[0.32717138573639426, -0.6839618995403041]
[0.06606992914780085, 0.26601762072064705]
[-0.09921398396783765, -0.08758790843255193]
[-0.01459264058494325, 0.010852047003593768]
[-0.7051276595508291, -0.11765315527856313]
[0.313982699379008, -0.17225481437905676]
[-1.446625720394855, 0.056918486479997976]
[-0.5017403945112302, -0.21065188213810315]
[1.232430715706455, -1.0827367893828068]
[-0.41815593647243954, -0.5602683156061576]
[0.03933544800019906, -1.0268562198080229]
[-0.2805334997968889, -1.3774788329190786]
[-0.2308570347687562, -0.16898731366304973]
[-0.2109789374074842, 0.8095762186792574]
[0.1521563323666606, 0.10314338286992109]
[-0.433599024288977, 0.28237807816613614]
[0.06400130963335937, -0.25779732665530986]
[0.8142397682222964, 0.005186458906915825]
[-0.4171788880144335, 0.16759818659964762]
[0.5689154897246017, 0.5941607453646082]
[0.4376711586126997, -0.8095557913017929]
[-0.2766724628355113, 0.010628063891590218]
[0.5017102274337186, 1.2896276924725218]
[-0.2661827021480193, 0.7594329135166757]
[1.1574092361536494, 0.43467620877631524]
[-0.1543337793947862, 0.03529156432573667]
[0.3454264223935271, -0.0736706352395507]
[-0.016338434719106676, 0.016222340124840973]
[-0.23580032806953677, 0.22589938646061847]
[0.1407981382944008, 0.16933273397108684]
[-0.22947591384207966, 0.7837584517964403]
[0.07175684082326161, 0.031017554366057742]
[0.12108138907773247, 0.24835169991215067]
[0.020169417483679508, -0.32811052574469346]
[-0.6731052890476678, -0.539295600999821]
[-0.20498483043807192, 0.11171250757228512]
[0.473396265558671, 0.13126448899040333]
[-0.5094776969535069, -0.13222806166085854]
[0.11389938942559197, -0.16241265446587372]
[-0.4790845798741885, -0.4950744945520029]
[0.15720806002790577, -0.49630621527185315]
[0.04361988060385813, -0.17464244567127074]
[0.0042412958996924655, 0.01950211023922721]
[-0.09472499353719255, 0.2471483450018579]
[0.38720490520646933, 0.26485668637215687]
[0.04671903148231937, -0.10508302599613173]
[0.361013175245549, -0.01719256723451501]
[-0.21369144054850864, 0.12750849431035904]
[-0.13030008251042513, -0.06187261678492373]
[0.59384516485872, 0.3876147730846433]
[0.11147209028657368, -0.24007556366715832]
[-0.1354369059140179, 0.07597996876143265]
[0.026730987339485424, 0.019046832435090533]
[-0.08815365777132755, 0.015743676835251907]
[-0.062309585191149375, 0.026961314953402482]
[-0.1607388424092202, 0.1714521791311856]
[-0.16797000179955757, -0.04380125783301425]
[0.23753034482479207, -0.06091854426452992]
[-0.06156745658310725, 0.07382028122550155]
[0.014824620829277046, 0.08258615076687592]
[0.03335846346906601, -0.06987689946616538]
[-0.004376631778248596, 0.11869282511056234]
[-0.1767280630316841, -0.317959086927069]
[-0.025014350707088684, 0.2264246552079383]
[-0.33495594528287076, -0.2644274780096161]
[0.14422321690065898, -0.24070349540836156]
[0.04396536244075544, 0.08720061730813966]
[-0.38385537295592975, 0.046889871117612225]
[-0.10860069342382239, 0.11303593287746705]
[-0.02131833478241396, -0.01798610598113415]
[-0.006757408603769832, 0.21206673459825132]
[0.011889150112948443, 0.11412235471369514]
[0.13077416280310472, 0.4480968671932377]
[-0.050092936542608324, 0.10514017240739504]
[0.04884852392705019, -0.06859520921183426]
[-0.031561811247885596, 0.09365805785133618]
[-0.09628059560436975, 0.060185110920021934]
[0.3475715791438261, 0.014698908214717421]
[-0.2896531178361921, 0.17962599380691632]
[0.1538452432454993, 0.12695688560840168]
[0.0010812570573742741, 0.002936004247757168]
[-0.0219720141838326, -0.20336179935949028]
[-0.07576521305281836, -0.17974021751202252]
[0.10624891142809378, -0.2646582416725623]
[-0.20032353309783357, -0.05122513247894887]
[0.2344203085522761, -0.12440319713894665]
[-0.12987073992639953, 0.03424131632690661]
[-0.06001040901439897, 0.04290144964632206]
[0.07584140932138878, -0.06678984729256779]
[-0.019699178588493946, -0.07416937583603334]
[0.07486968658085125, -0.2273748290466316]
[-0.005857297067874523, -0.06330594653255342]
[0.03311852792798553, -0.00551308378031426]
[-0.06417751189899046, -0.018500619461106066]
[0.29812435103952084, 0.23445690279575787]
[-0.26714270534036655, 0.196567312822595]
[0.41256867704596956, -0.06690503724490476]
[-0.2311246218398083, -0.014828546323527026]
[-0.015270304734769147, -0.15060501789603814]
[0.17795978128803758, 0.08254721203548634]
[0.01896299941299262, 0.012237743906975629]
[-0.05315684944858523, 0.2527167997971554]
[0.01152057116685512, 0.0602065853159095]
[-0.11130585044481267, 0.37578784746719285]
[-0.10394737889750011, -0.14039512835184675]
[0.030403789939128956, -0.16591744795230778]
[-0.09481547698264048, 0.08945106558139515]
[0.03380324078636976, 0.06423878959281648]
[-0.1059309910560238, 0.2212054892171753]
[0.0841069437565416, 0.04748653806836978]
[-0.034290844974737, 0.2601077827240139]
[-0.04833191685947402, -0.0342991898130961]
[0.06387409078848005, 0.1223238706499632]
[0.07530270233212688, -0.02911624508445032]
[-0.013412968713519054, -0.021137777957786597]
[0.025450301655472574, -0.06448692884807117]
[-0.1660751471934324, -0.017220676699979176]
[-0.05439853676754269, 0.008609803337909838]
[-0.01535649231798622, 0.0340091127182911]
[-0.03846812810154976, -0.034407620696020214]
[0.05874972081549837, -0.056728872342082015]
[-0.036105657911253974, -0.04697214019131035]
[-0.029546016416494847, 0.11819897634473597]
[-0.053375442970574616, 0.16140364666644214]
[0.06135710539566397, -0.10305639292963864]
[-0.1387778867251248, 0.03989752298770055]
[0.20759312628980509, 0.04763816120902531]
[-0.09260352003491457, 0.03936213503874897]
[-0.05959014083168246, -0.07166184787866303]
[0.11505485618652733, 0.08083787220282712]
[-0.0156017670317522, -0.0127597431605031]
[0.05419371286010441, 0.19271675084096818]
[0.015717671300721325, -0.061808030770100775]
[-0.014854530314210052, 0.05405882077296775]
[-0.004210421635375328, 0.095293293545886]
[0.12973112966075284, -0.08468175472725381]
[-0.0362594382569732, 0.013823380379538008]
[0.13238927345812887, 0.04801151952889526]
[-0.00026648615945090715, 0.023798605130933903]
[0.06443702916770555, 0.027399633687277714]
[0.007548909495326828, 0.032908797519707766]
[-0.07504100490195775, -0.0979537470403179]
[0.00254049965874259, 0.07392702282794711]
[0.0030758897202748936, -0.038459475773959806]
[-0.02887970361428771, -0.08165410959441002]
[-0.06866351578524788, 0.0218054321917176]
[0.005879598536608022, 0.003059524181123069]
[-0.18303780702396932, -0.036922498957900785]
[-0.0016240133428888637, -0.012275415998533684]
[-0.11163726374056526, -0.12406905274880137]
[-0.010473943352018789, -0.027677306363556406]
[-0.003051190682252819, -0.03536203883704042]
[-0.011114165129164855, -0.07257590637622216]
[-0.016776379309779488, 0.09817140991748381]
[-0.026640366979283736, 0.028438437908378224]
[-0.0942939940979228, 0.0016045977168447356]
[-0.0210730032794626, 0.001460933384944331]
[-0.06839504970260507, 0.024637303841758523]
[0.0009429280782534688, 0.06831507412063131]
[0.09590886557331135, 0.07030783610051955]
[-0.0025723188384503826, 0.04859598322207593]
[0.0186552621795133, 0.10575628745623916]
[0.04380342790241054, 0.04163772562317335]
[-0.027030689076512182, 0.009817383697581457]
[0.08194998219081906, 0.015434566623666782]
[0.04655186822138846, -0.021825682801390016]
[0.06940988451756172, -0.02876625895187565]
[0.08604997922823576, -0.0015419941240376635]
[0.03684418574240511, -0.0486481961230214]
[-0.019345731445370884, 0.034329924979308174]
[0.010837314742190962, -0.00747701690874869]
[-0.0024872850411390424, -0.035170863187518345]
[0.031116407725019002, 0.057553442221513595]
[0.00543336345407841, -0.0004266667360225407]
[0.046334601820937404, -0.0035014123580185963]
[-0.007252835370675559, -0.008446757943368188]
[0.021719301545020997, 0.010108095544837714]
[-0.05590300906859824, -0.002257660091876834]
[-0.045290505852732005, 0.004799842855165104]
[-0.012757511177659664, -0.04786435143524198]
[-0.06282999407444437, 0.0250301895259466]
[0.006035978971045686, -0.018732043527036057]
[-0.03446278408685352, -0.047785549888338275]
[-0.01735024064219426, 0.021888400741801317]
[-0.1284107607291169, 0.0064809957890630265]
[-0.035630650017290155, 0.03939030877688332]
[-0.14322265762819036, 0.012368255760498048]
[-0.030428125161775954, -0.016416645676073705]
[-0.011018112361751792, 0.09055350851088495]
[-0.008479962868745083, 0.03087060009765119]
[0.03676709299019551, 0.025989371584914434]
[-0.007155250102967581, 0.05298679598154554]
[0.04373612621287215, 0.03872650600689109]
[-0.0382629618767753, 0.07789476285444363]
[0.10723411994621956, 0.021243740819418155]
[-0.03843906951944026, 0.03392840932422114]
[0.1399592588048344, -0.07688952543363681]
[-0.003839797197412509, -0.04500700357011922]
[0.10934204178787543, -0.08810248768050022]
[0.001045550044733945, 0.0040103609739561286]
[-0.01308757433045249, -0.03080536494465791]
[0.012664336828674391, -0.0022619883232518623]
[0.009762017702466097, 0.056723120945529226]
[0.014381665136611155, -0.013756957846907114]
[0.04128338472913584, 0.055841209957834925]
[0.011557258185530633, -0.03651555884523072]
[0.007337668011317966, -0.00047037598592702956]
[-0.0091033016487716, 0.01972054093001785]
[-0.05568914123011459, 0.06503097749719217]
[-0.00034115217958261, -0.0037654749265214615]
[-0.06825537812578564, 0.04195097949448373]
[-0.0009824504394916334, -0.030187213860631612]
[0.02942190790832777, -0.07776606044095974]
[-0.015550826199398404, -0.024176319353972575]
[-0.1047067949995385, -0.01799695845869309]
[0.007564125083390716, 0.03678373901309728]
[-0.11840344514700141, 0.008905624268849693]
[-0.001263948469816728, -0.005697474143539438]
[0.008961121949987882, 0.03984205079072216]
[-0.025825085648558233, 0.03835377326261813]
[0.05772446038687562, -0.018289582325401767]
[0.014464373084037696, 0.04558217751571514]
[-0.01255506674934248, 0.021898712085830076]
[-0.01663746578928453, 0.06608097708052615]
[0.06676350374861467, -0.025873559885228853]
[-0.058739668827429634, -0.026375102166065548]
[0.10587278895178565, -0.009883698874566247]
[-0.03226078100656041, 0.004208156787307717]
[0.055814417791104076, -0.07788772636475574]
[0.02407708405533554, -0.06825351531702131]
[-0.06602392996533812, -0.027660544278485747]
[-0.024670429736472488, -0.02974685443307596]
[0.013287391829697515, -0.015058815216884763]
[0.025775500262327167, -0.0354886678244207]
[-0.006872030722135991, 0.04696699540459759]
[0.02164800756582469, -0.005108868293854943]
[-0.01693006727589058, -0.019904487625233336]
[-0.013296864319662871, -0.002368189356347916]
[-0.020465164699747407, 0.02597298435283077]
[-0.046290045294070103, 0.00038265449225029224]
[0.048677678387047174, 0.02959047314573715]
[-0.003681563663453513, -0.02358106438449928]
[-0.015247825018783578, 0.019142773771856858]
[0.012392753189796823, 0.005896353404804766]
[-0.008327113516770984, -0.004025682365563665]
[-0.005045137821772849, 0.023246350674642535]
[-0.023162904281790242, -0.001215203700798917]
[-0.006017048763968247, 0.0008861323510577224]
[0.007933009304709332, 0.029200392222494598]
[0.02634057037992077, -0.00426965711126126]
[-0.02835448336656761, 0.00910303277045521]
[-0.018268546387732787, 0.025402145800520637]
[0.039639773163416145, -0.0029562516412395823]
[-0.02176341532448378, 0.017191067632105095]
[0.014185772457675078, 0.025402597193637688]
[-0.030804535565026714, -0.004995865316479442]
[0.038231634127856254, -0.029441836983001735]
[-0.021392470798659025, -0.018180486063652745]
[0.006435123479857807, -0.029788832364324613]
[-0.005197776480342142, 0.009349534809517168]
[-0.013046794109199428, -0.039067050655124835]
[0.020894946372625678, -0.010669723379699514]
[-0.0022489039928604015, -0.026349555208930453]
[-0.016897626683605504, -0.0014858669414052894]
[-0.01815206304478223, 0.007542059189053041]
[0.023406151297081623, 0.016993628549424766]
[-0.018077304215103673, 0.0090324841524545]
[0.018198439917224446, 0.014838455430320918]
[0.013883229566004407, 0.03435337420458817]
[0.011121001800077551, 0.004537658071468331]
[0.006720778831794616, 0.024000503442431764]
[-0.015229166655750206, 0.01011978552774706]
[0.006834592828217745, 0.029109460904211515]
[0.024149220899634845, -0.0018703081049916692]
[-0.009139735949342143, 0.004928982505255086]
[2.1460174908199958e-05, -0.026669096321559893]
[-0.025559459865394762, -0.013904667245720093]
[0.007154332242920156, -0.004142468959851597]
[-0.023401506063718047, 0.018324714543640153]
[-0.007425859549309022, -0.01786137250791675]
[-0.018119006028231355, 0.01687415726413166]
[-0.003581551399716637, -0.020009145866096645]
[0.014032470451849188, -0.017715193790404843]
[-0.0016673635992799085, -0.003537490831876988]
[-0.00811644224367375, -0.014472648177347641]
[-0.005063748817513175, 0.008899131379955794]
[0.01344350366586744, -0.021090749212669194]
[-0.02894773444164883, -0.010713852653093214]
[0.025438052518814702, -0.02088062870050092]
[-0.005765342211398544, -0.0021532876544012314]
[0.003505591717514467, -0.038330119256619694]
[0.006228577881488173, 0.010586755708953455]
[-0.0029077409412653354, -0.01503033406596233]
[-0.0011213465161995506, 0.014281767408193105]
[0.006171506783160863, 0.033828294634427485]
[-0.001129564552075052, 0.006279139496475836]
[0.028073237238028098, 0.0056092296203064836]
[0.012838737149303933, 0.010146115695898728]
[0.011787807837443265, 0.0049066387342828425]
[0.015140548382799171, 0.028581924422459798]
[-0.01741071045778856, 0.009356921933178379]
[-0.0010457534054903739, 0.007119375599516233]
[0.0033259022093988233, 0.02861527940324362]
[-0.013067953393126941, 0.00020371201760064316]
[-0.008428527328569024, -0.009437420407165317]
[0.014978302568281171, -0.013360407991557438]
[-0.028313386606836313, -0.012521280930420958]
[-0.003668729136686588, -0.013269083254677332]
[-0.01983324367647779, 0.04209699636778921]
[-0.009903557527133233, -0.015479987042495688]
[-0.012242558749982785, 0.00233699445466376]
[0.0013470516093870288, -0.04221331283557524]
[0.040823186665367106, -0.02479418091664143]
[-0.0031640020272770686, -0.0144774637838955]
[-0.021016667322707377, 0.00335813401160151]
[-0.0011809690387448168, 0.01245202309757254]
[0.005122099492862214, -0.0003894431301309509]
[-0.021764067680332788, 0.007089584545642735]
[0.019476290927540815, -0.028687742244967618]
[-0.00923572979165882, -0.0102854241142174]
[0.024993380233555948, -0.0212800533697573]
[-0.009468609575230935, 0.024878703883233433]
[-0.028693593850134397, 0.002829115470679544]
[-0.0042479165464596735, 0.02697518897886364]
[0.0016081288012126521, 0.01849182338571964]
[-0.020698065901068097, 0.0051084461319587104]
[0.01656497210517896, -0.009394011203257113]
[0.012208985515737347, 0.012373716787113354]
[-0.001468489770105566, 0.010691766023858351]
[0.02600319286425179, 0.006694847986939645]
[-0.03608515361023118, 0.016287532328149834]
[0.009073881109915582, 0.022763058537624614]
[0.03723137866007073, 0.011165847719232347]
[0.007661812466173035, -0.013183110248076835]
[0.008242810075667073, -0.007772019407476294]
[0.019490258657008236, -0.024706066569648133]
[-0.019516355005133545, 0.009996091093956383]
[0.023235533634437894, -0.00288420956452784]
[-0.016965719979758376, 0.012006202991008297]
[-0.005889552105008272, -0.006948793510644369]
[0.012551147844702903, 0.02691692725790923]
[-0.009509848086832418, -0.02180467967044597]
[-0.014917910728048545, -0.006520744146046087]
[0.014322429820556273, -0.018419165739285703]
[-0.006017976955623172, -0.002443729523554261]
[-0.008708631259963212, 0.008323166536066018]
[-0.01613223116836182, -0.012788585025490351]
[-0.013683755706551642, 0.010114944040787333]
[0.004670170515167826, -0.001595921091988195]
[-0.006930573097954598, -0.006167839745668535]
[-0.010807421667718198, -0.03516765507531727]
[-0.0071982110444294145, 0.016656669852549544]
[-0.014783303979671647, -0.018190366333243363]
[-0.008210358996843553, 0.028389187306043617]
[-0.012686924207948369, 0.0032515246927521946]
[-0.024485107136652723, 0.006496224238963011]
[0.0036009818880325395, 0.0027063527864674697]
[0.0007578497173504894, -0.007124689990447075]
[0.014867541457047995, -0.004850078918121475]
[0.016758320561036127, 0.003671048177534747]
[0.016509174917646363, 0.022883817591734523]
[0.004154082013276536, 0.018572843384203952]
[0.020893046757176126, 0.01662780006626265]
[0.0031613364122850263, -0.0033103830759444314]
[0.029232093105494183, 0.01189059868934155]
[0.011068294100250758, -0.012214240764806608]
[0.010324841121690784, 0.006119787659004212]
[0.030169537862648275, 0.01364225839205812]
[-0.009812955623486427, 0.013978620727081878]
[0.000734424725144775, -0.00018189639388258017]
[-0.020955921950402086, 0.01738951422415934]
[-0.006242580029241648, -3.1838473162107764e-05]
[0.0058173678619973385, 0.019136174460835993]
[0.01710852916669589, -0.013174322277070867]
[-0.017979085498570163, -0.004644166553602572]
[0.006813842075907184, -0.005840719490419231]
[-0.024905719367685347, -0.013880265899650232]
[-0.002800534021130563, 0.00482710154651933]
[-0.013031486976410683, -0.00370693244409831]
[-0.0032143127191298637, -0.006978934015284072]
[0.0025641846539144475, -0.01966143617783503]
[-0.001494071530776242, -0.005250203833202349]
[-0.013776421199718447, -0.03987211896679915]
[-0.01608118887840454, 0.003481344759018526]
[-0.008292492517654126, -0.014913111755814612]
[-0.03382100915077757, 0.005578652180812799]
[0.004176571827012768, 0.018075609468383935]
[-0.01930482141858353, 0.004553581688878955]
[0.02695211411977297, 0.010424599284738822]
[-0.0075224814180610555, -0.007735369786136814]
[0.002607530056043944, -0.005344728259858211]
[0.0032343853775271825, 0.018104709957661613]
[0.01602424598404152, 0.01851833643673151]
[0.012453738954661397, 0.021718192416418203]
[0.025114854642896818, 0.025374096929072998]
[-0.005364222932130069, 0.007655234538288758]
[0.019846609580032315, -0.012533269881416953]
[0.010450026686855851, -0.0010559735017479643]
[-0.01506489849089454, -0.018815085936457865]
[0.020645037465266303, 0.011280492295092148]
[-0.010117481729009725, 0.02572761681208935]
[0.0033105433479506674, 0.005460058471635942]
[-0.003465982793539657, 0.019908009592900844]
[-0.008657631457019976, -0.005445611175191656]
[0.0037349915572718884, -0.0002925677437080054]
[0.004405356394140081, -0.012670294363248402]
[-0.015692044972746122, -0.0028010960056665812]
[0.011215244535203367, 0.005083708647645402]
[-0.004023611210382305, 0.028727617655990245]
[-0.008345616508594764, -0.008423941103820942]
[0.0021348736945327462, 0.0030102573982758174]
[-0.01937134558246932, 0.0028786006111767293]
[0.012611933571377631, -0.0037103537776390083]
[0.00748325112638018, -0.0004864272919101742]
[-0.01909775006894676, -0.005672703881182128]
[0.0019283494254090927, 0.008249537441594401]
[-0.009171760788025118, 0.010246153595935281]
[-0.014419246735982591, 0.003294987926050985]
[-0.004416783132906332, -0.005195470199611862]
[0.0049541936776596185, 0.005203797449572944]
[-0.000937016705154059, -0.010802064191103411]
[0.01527538472494433, -0.0030114296395906126]
[-0.012964702698520347, -0.01381350520062613]
[0.00021281458985039636, 0.011758102520308233]
[-0.00830158084074406, -0.009031383095309084]
[-0.007831800274472889, -0.008928706576441792]
[0.014317036559408747, -0.019731203802046418]
[0.0028656600254926, -0.004073429816994878]
[0.0053004919300883024, -0.00044756979536170194]
[0.005751973051665998, -0.006404675835500445]
[0.004769672599988867, -0.0166204060375936]
[-0.01468796651871973, 0.011216663371210703]
[0.010817527171838287, 0.007740747304531565]
[-0.009154669742447982, -0.0027975979307763438]
[0.013678455773435017, 0.016497287099258923]
[-0.00692718942720718, 0.004881820587004912]
[0.014795523788875331, 0.01588806427240726]
[-0.0069156060806853, 0.004943826189969386]
[0.0033147951504285816, 0.010059140036379042]
[0.0003800462543484262, 0.009312745782691992]
[-0.004552562990724318, 0.03211656293847298]
[0.007040612635929616, -0.00042147486056932915]
[0.007956563480263322, 0.02427051419894946]
[0.01235895156259792, 0.008318608498004067]
[0.010278157311290725, 0.0018299177254856025]
[-0.001245275405490992, 0.0011262536377236792]
[-0.01657101667082321, -0.01661955776959463]
[0.013064953482972458, -0.0022559387175175236]
[-0.021793405910139604, 0.0017852515481536768]
[0.0021166926733039437, -0.010694714945431102]
[-0.011952438648481584, -0.012619143457377163]
[0.0001502875560169259, 0.0033795703385087056]
[-0.0036332579414002225, -0.024193943511656157]
[-0.0022431221640115684, -0.015543191153523123]
[-0.021351980510142324, -0.013119745356779955]
[-0.0089490959475933, -0.004262128403290516]
[-0.008980573066121447, 0.003307326012606693]
[-0.007194315672484686, 0.0017432214188285444]
[0.026266180902161873, -0.0041928691707947]
[-0.015783451216478894, -0.0006842245804878633]
[0.015017283161776487, -0.0074057873062610136]
[-0.008330933600829982, 0.0050383677519633685]
[-0.006035078036915123, -0.00043620395575599824]
[-1.2343200484599137e-05, 0.01660293874842189]
[0.01651509673565181, 0.01848260329249518]
[-0.011124829287021798, 0.015675374936370723]
[0.03276071616575757, 0.005251812641094478]
[-0.008938664964400767, 0.004766994243409095]
[-0.0011511150169809248, 0.011184920854412417]
[0.009185966088612996, 0.0037102794448313214]
[-0.015344130870608985, 0.00814813791022223]
[0.011762670304784145, 0.014087325869769074]
[0.017802146957307058, 0.028136914647556577]
[-0.0004347923291605771, 0.006235550847940918]
[0.0054075654676442875, -0.001284154874598542]
[-0.001711954948831862, -0.009472394719748256]
[-0.011081739795613943, -0.011423247119702884]
[0.009660983463038814, -0.003776111092297474]
[-0.0163634234126806, -0.010291875421038765]
[0.006394246671424492, -0.0047123295383836306]
[0.004646083930303857, 0.006300484708934018]
[-0.00903250737168676, -0.00813052089430838]
[-0.006648706397743176, -0.018152237422874584]
[-0.003869482231060692, -0.01135806785486837]
[-0.02438569165272142, -0.005359968321836661]
[0.005740638568672671, 0.0012240887946137202]
[-0.005243226562429815, 0.007200823545633006]
[-0.006239206883721038, 0.005470581731203683]
[0.006122840798716445, 0.017605643122817954]
[-0.013911717017179553, -0.010604847934334305]
[0.001670690197898561, -0.012142853822178584]
[0.0005178534891824016, 0.0020589790506773675]
[0.00823236267548122, 0.00856609536794374]
[0.006783372400462506, 0.004469192819355733]
[0.013027224508171398, 0.00263350350949694]
[-0.01199038879051409, 0.0076594579681933395]
[0.00657272039507012, -0.004746457510882637]
[-0.0017869156248784546, -0.003490988420051272]
[0.002105737942025232, -0.01368715223924473]
[0.0025115357323596266, 0.006398014938933841]
[-0.0037593957265031896, 0.0042240463131953225]
[0.0023786588800333436, 0.00760509377734328]
[0.00026848048181918327, -0.002337607390734883]
[-0.0073347911478281735, 0.0031680784937040407]
[-0.0034655963698997927, -0.002737606445872672]
[-0.006190227201243299, -0.003974452296404706]
[0.01036035539107949, -0.008328437665873257]
[0.002280397939228032, 0.0010254448895049041]
[4.3770817407466633e-05, 0.0070381615699243675]
[-0.0019015322107786975, -0.007104908535537895]
[0.00324302383046577, -0.01180292665762462]
[-0.0036253401622469983, 0.001330982107613764]
[-0.005495201210940645, 0.0011111521856479734]
[0.00876550535910281, -0.0038531103933712157]
[-0.00535769661543789, 0.004981993758840772]
[0.0071785076087403366, -0.00015073151452871508]
[0.0012122446048582064, 0.011717393904592935]
[-0.006578913300427175, 0.001322311229143159]
[-0.0012170629848178433, 0.007381296707044349]
[0.004610796418583002, 0.004591063510111779]
[-0.0028232317018419273, 0.011531489603137351]
[-0.00236359631602423, -0.004902175880582005]
[0.0083567162712265, 0.01227010451461541]
[0.000643892899991616, 0.0006263364951413636]
[0.0006555981049302523, -0.007016235416091393]
[-0.002458772584991553, -0.007837094243199422]
[0.0010640822579737197, -0.006840184687982143]
[0.0014658443332511428, 0.004112002607421533]
[-0.01482138126153161, -0.0003813636893020833]
[-0.0025890552839771264, -0.00813248663280089]
[0.0056397870139680215, -0.010459437468121113]
[-0.006494056516662794, -0.002526999403774044]
[0.001906899445937811, -0.0028321620899543487]
[-0.0025424714671238857, 0.0030335348170723586]
[-0.008594867014770094, -0.006508831083344657]
[-0.004635050602968704, 0.0037827550104003738]
[0.002280373989128677, 0.0017531354029939883]
[-0.00964143489952557, 0.0013212597253020042]
[0.012533431325387395, -0.003968430861459038]
[-0.0017500888239206924, -0.003330310744613152]
[0.0031489057141039084, -0.011130795616202283]
[0.0029444593868116486, 0.0032840319928141293]
[-0.009251302187745752, -0.001007406194050764]
[0.004506191123225728, 0.008785435009374731]
[0.0018036122083578965, 0.004100336157129236]
[-0.005487489499414688, 0.004196550534405208]
[0.013191297629251864, 0.0019394158710518417]
[0.006705039636667659, -0.0020698911700514633]
[-0.007575379183706016, 0.006029812889344399]
[0.005102164150453725, 0.005074620859477408]
[-0.0025019887496732784, 0.0022868205670757424]
[0.0009471334357880057, 0.0065654271186857405]
[0.01440490450479115, 0.01937301889650156]
[-0.00492536169348131, -0.00431495389870834]
[0.0045891490609727414, -0.00016262733171068522]
[0.0008334185434449581, -0.008702642505711622]
[-0.00754148787354314, -0.0007203571291915234]
[0.006177541029235789, 0.003701045573228756]
[-0.0038385411080906207, 0.0023671903581799214]
[-0.0033213046533637353, -0.0024500725508804777]
[-0.0030889787191756835, 0.01468395967259939]
[-0.0009853424536983013, -0.005460886389416608]
[-0.0033080570113218632, -0.0053058851015429925]
[0.004999330912279332, -0.0047226522542573035]
[-0.013742442428448853, -0.0061638379079101]
[0.004098455493564204, 0.005587121371954801]
[-0.0020951422863420555, -0.0030842124196181]
[-0.006613463926018484, -0.0013732643305729153]
[-0.007699053480137552, 0.004658948283459263]
[-0.005651152771332907, -0.006852092891882461]
[4.687197880762217e-05, -0.02578950071901483]
[0.00023134326245483755, -0.00025135143637332324]
[-0.003945566095246794, -0.008447445021537332]
[0.0008406379852831311, 0.0007050333835577419]
[-0.0019873909898006914, -0.0038783267012638]
[-0.008945594055802822, -0.0011451228593847944]
[0.0009575546608200647, 0.001149940155325808]
[2.492431798637243e-05, 0.0001515794701493359]
[0.016710021466741942, -0.006118753633033153]
[0.0013447546585724154, 0.003948967755055495]
[0.009544488898385155, 0.006584815047086617]
[-0.0037431621269857357, 0.005267126495610199]
[0.009391010097348385, 0.0038850140966838823]
[-0.006161855638938979, 0.0007855522180426015]
[0.0014699484248689304, 0.010211724369996483]
[0.004583544640658438, 0.004323785566203801]
[0.015839367623491862, 0.0012676790313754654]
[0.01060335307998414, -0.00014750278172235426]
[-0.009220439745435446, 0.006765735832774719]
[-0.002555481912917157, -0.003567468634806982]
[-0.00690718739807715, 0.0028214822767514136]
[0.007607494908873913, 0.004176141589606858]
[-0.006210655768551579, 0.012350434227761803]
[0.00885674214638027, -0.006772960600389552]
[0.0026677267072909155, -0.006770178054423204]
[0.00019913818031741526, -0.004816736282716144]
[-0.011426370993320889, -0.007421070959831189]
[-0.005828898281059036, -0.005192183213344359]
[-0.008825820405496412, -0.0005468293006365421]
[0.00022930894836736826, 0.002094689287196916]
[-0.0033440123792227577, -0.00043296471246834223]
[-0.008139746821434701, -0.006537590791820563]
[0.004523197090131659, -0.0075957845516935185]
[-0.00837353077930375, -0.002483446581459603]
[-0.01158928001231006, -0.005025347227933297]
[-0.009341547312804871, 0.005046188643932137]
[-0.005581804562867922, 0.007982407042024797]
[0.004678102689310737, 0.004053452993592999]
[0.004741956059570687, 0.011070162287767416]
[-0.010570481695990064, -0.0028402861147674985]
[0.010782844119766308, -0.00507855745166802]
[0.008770222437871816, 0.005361425767758832]
[0.0023484071490087466, -0.0007701758677661763]
[0.005247339979910559, 0.0031153006972486907]
[0.004130911581165964, 0.005724308945658563]
[0.004983001054711084, 0.007156787817608978]
[0.010589793821691257, -0.006662792380182803]
[0.0018545997971489564, -0.0011650139185317432]
[0.0017825527066875069, -0.011507207254542018]
[0.014128140373065971, 0.0028460407033761292]
[-0.010641748872259132, -0.005537140874211921]
[0.000875716785218722, 0.004231768367144617]
[-0.0023403346707883133, 0.005415782903942429]
[-0.0015631062603519152, -0.0016657220760202263]
[0.0061765792549896, 0.0033274517238063017]
[-0.004884790380016817, -0.005926588202397498]
[0.0019667948874472208, 0.00033107447439376103]
[0.00973834193003887, -0.0035291264810601852]
[-0.006939390279254498, 0.009684994461386903]
[-0.008223737254008767, 0.003539416491371572]
[0.002053874406751588, 0.010411505434084256]
[-0.003915944250215422, 0.003875447439233848]
[0.0022266715137120863, 0.007091687482979628]
[-0.0022743290978676917, -0.006682617104126459]
[-0.013719971300123646, -0.0023146135000603543]
[0.0029615282962783956, 0.0025013611372147193]
[-0.014911492193493192, 0.005437742295009013]
[-0.004277136240399021, 0.0031413017066620613]
[-0.004776130648286303, 0.003763192529487581]
[-0.0010395841481893597, -0.011061774170182503]
[0.002557905878364769, 0.00392299291993304]
[0.0029529252082306987, -0.0032423608006711263]
[-0.00039339513443192864, -0.008184203712605179]
[0.007330526100310486, 0.005852542245131504]
[0.0038681552266632835, -0.015458279401454982]
[-0.006388616048477631, 0.0006085927852454362]
[0.00975980212900706, -0.007767565427561021]
[0.00042987981495527794, 0.00021349515866437435]
[-0.00010474697211008618, -0.007395744871087377]
[0.0019456098054785737, 0.005513398713294544]
[0.005481476092865499, -0.01723739577322876]
[-0.001280007326085436, 0.010640820622722829]
[-0.0007778664190682925, 0.0015368691123998912]
[-0.00729272982643675, -0.0012589013676869182]
[0.002973299486760575, 0.014521211906373996]
[-0.0018301039713466971, 0.0010562086784753014]
[0.002293257289722822, 0.010901878248227428]
[0.008702342746042868, 0.0008813523509935486]
[0.010709638274741404, 0.0019505727527086153]
[0.0002233293963138927, 1.4641581803948034e-05]
[-0.004996189832888714, 0.012741274510622846]
[0.00176989509552139, -0.002734729081117833]
[0.001715349804372407, 0.011805211575045244]
[0.0033974037204577145, -0.002941630996507294]
[-0.0017307472463467671, -0.0008607877394229413]
[0.0027586838570809458, 0.0006902560429136451]
[0.0019382409257970579, -0.005726098938146074]
[-0.003001877161646349, -0.0027009209921490807]
[-0.0223069762064649, 0.006138565683044495]
[-0.0037050059053203577, -0.0034953621125689283]
[-0.0022571895258337166, 0.0038507631776832363]
[0.0014913108904736072, 0.0021838379614230463]
[0.004290479610547841, -0.005939257624448524]
[-0.0025883574975385792, -0.0037706321368321527]
[-0.0020311599693976015, -0.006289428134489017]
[-0.0024369818501321916, 0.0059192826928545494]
[-0.011034743396774259, -0.00556952496966695]
[-0.0014380917379406832, 0.0008340693382221653]
[0.011552402611621798, 0.0010968977376551448]
[-0.00142914527991983, 0.006402092111944702]
[0.0012514965689726654, -0.01042420045270992]
[0.0016576361710820275, 0.0034955040800248582]
[-0.004396809092729548, -0.004129743817630038]
[-0.0016789047709792199, 0.002827434648548399]
[-0.006160829907638166, 0.004982139624892801]
[-0.004529653240665149, 0.0013603143061717837]
[0.015351426114788791, 0.010733674213299682]
[0.0034460101715936414, -0.004027681210973522]
[0.0015392638551973425, -0.002128055143040375]
[0.0008902099949067849, -0.005690468541859395]
[0.00412965413632127, 0.003572159839957262]
[0.003611416974643046, 0.003985483161552672]
[0.005195914700677262, 0.010139709093081983]
[0.0005093359074122075, 0.00017813187730703062]
[0.013267474037887972, 0.0015478986369875103]
[0.0010343982274063981, -0.0021199200824106312]
[-0.0037493744557594577, -0.010112321365349675]
[0.001736091219904562, 0.0028732291905144702]
[-0.009526352935014498, 0.004862513401703336]
[0.001851935246029418, 0.006512831892947296]
[-0.008900863488200239, 0.006554644487685737]
[-0.002035942975820465, 0.0011907968882985676]
[0.000451254693510067, 0.0013697194877855395]
[-0.0017143039530028992, -0.0024536485892497073]
[-0.009860396598159682, -0.0026054324631279158]
[-0.0007532238273795233, 0.006590266099363876]
[-0.00672836650464903, 0.005707912530577421]
[0.004205165216977683, -0.0030451040110798383]
[-0.0014993521278227062, 0.0008626728232470418]
[-0.004382762088044771, -0.002653238479972189]
[0.004208403988255269, -0.005665550734188826]
[0.005936668476127116, 0.00010312983791843644]
[-9.562153471309731e-05, -0.0019223682016970191]
[-0.0033925029675172177, 0.002845674625668381]
[-0.001967973074758822, -0.0013925709940135287]
[-0.00182363752183538, -0.0016380678266215472]
[0.0054522503583844875, -0.004147666894621696]
[-0.003924947545262188, -0.003084734917198661]
[0.00795858590316922, -0.0007161083609061557]
[1.5960492153396788e-05, 0.0004989781533779646]
[0.0002589207700041188, -0.0011642672977466018]
[-0.00028371227954694656, 0.0015604697397513419]
[0.005108727020200793, 0.0005641475202401991]
[-0.001790435891641698, -0.0012306935875097196]
[0.0040316383967665265, 0.00025033852519427274]
[0.0011040507470334027, 0.004925209891838117]
[0.0043216398744862355, 0.0006999287374485352]
[0.001532012912575792, 0.0005659301287796979]
[-0.005790069144307547, 0.0017209658732412064]
[-0.004414924854331176, 0.00409797492824876]
[-0.0015232972684028068, -0.0004021107647810829]
[0.0029546782297750485, 0.001963234788300079]
[-0.006224282040802706, 0.005706062174396537]
[0.0017818087118191273, -0.000579825008853091]
[-0.001974384446186639, 0.005875978272166238]
[-0.0033431037116102846, 0.0004179956998771328]
[-0.001493666000295539, 0.003554047268278654]
[0.00022753793511978704, 0.0005900899625852774]
[0.0017182032816264181, 0.001206608723274355]
[0.0030017025262157326, -0.005148730252159006]
[-0.0008421209376808028, 0.005063049812691789]
[-0.00030221680013806096, 0.002291067067650032]
[0.00645466803614466, -8.285017074344259e-05]
[-0.001655633290569336, -0.00020744474300091187]
[0.00342781929863456, -0.00836936374135494]
[-0.003242248589922253, -0.0003129731584514128]
[0.003413565499263811, -0.0016649792432978927]
[-0.0010070701402645488, -3.6826401084377736e-05]
[-0.005402200135348673, -0.002148784233618639]
[-0.006154724001194156, 0.0012854443151023576]
[0.003652929122995932, -0.002080068212688302]
[-0.0007329248042101666, 0.003202926107278403]
[-0.004044902131005307, -0.0033192108347817606]
[-0.0007248178691641322, -0.0006569899266675727]
[-0.0015668675555557399, 0.0030286240654187058]
[-0.003070376359940563, 0.004804338019848475]
[-0.004862803594014392, 0.002295762282841174]
[0.0006436636772990459, 0.0019007501653980907]
[0.006540866837402348, -0.0003144631611296522]
[0.0010276713952240904, -0.0021205552745278133]
[-0.0011156312674766578, -0.0010987464246174916]
[0.0028772524358663225, 0.001388785563702033]
[-0.0029976373467026085, 0.0060903864535932495]
[0.0026922596450217953, 0.0029433805450176376]
[0.0015798550615669649, -0.0010444047903577225]
[3.967380831970679e-06, -0.0007325935645163539]
[0.005880228706103885, 0.003107174266584606]
[0.003269180491045562, -0.004707604806157617]
[-0.004978122808559887, -0.0009508764781293727]
[-0.0006443640701701628, 0.00011231915237341905]
[0.003697725706551941, 0.005942737099278422]
[0.00020324360203140268, 0.0003554751587321603]
[0.004261527915984081, 0.0008681438555095053]
[-0.0023334384854247214, -0.005117828699844257]
[0.005480944027814683, 0.00033868062341912974]
[-0.001699398277085068, 0.00045028436161256846]
[-0.003110055406634199, -0.004868323047527795]
[-0.002099541855893214, 0.003263186018127931]
[-0.0027580417652937894, 0.0010868560168845447]
[-0.001995375430058788, 0.00047450433894228455]
[-0.0027812594055630357, -0.004373719452929712]
[-0.0027884803367115643, 0.0003130323598008536]
[-0.006211420024824277, -0.002544159798176864]
[0.0010224273728565783, 0.0006564402968703906]
[-0.007339930045999435, -0.0034666962385885387]
[-0.0022425211826011086, 0.004200737141797922]
[-0.0003562025953894807, 0.006232596703793776]
[0.0009636584782610688, -0.002852924459637388]
[0.0014349292256946276, -0.003201597577870925]
[-0.0009537867708069581, -0.0021866564596623493]
[0.004631270595966519, -0.003150203843590979]
[0.005320776964225324, 0.00048657215672841866]
[0.00258006913585241, 0.0003794417548717635]
[-0.0005302808317879798, 0.0011027974675128617]
[0.005164701184616989, 0.00024077558358703843]
[-0.0014837931125121773, -0.0025228306654528528]
[0.00416309014858577, -0.002363081817730636]
[0.0009049171111177035, 0.0008917243428671479]
[0.0029994784208237646, 0.0036894496807308302]
[-0.0005409474994525765, 0.0019299054991480033]
[0.0008483974799638194, 0.005331539336207752]
[-0.00403127927419894, 0.0035785703080771156]
[0.0004067444984385826, 0.0051243348438625436]
[-0.00184087767773905, -0.0019009591165848466]
[0.00028979301694834203, -0.0005024314346688541]
[0.0015803703522753731, 0.0018666701438384559]
[-0.0012069059963453546, 0.002950616697726116]
[0.000363250898709061, -0.002172734902039647]
[-0.004966062222073166, -0.0029794724011473483]
[-0.005146481652052531, -0.000180621821797039]
[-0.0008622132450188599, -0.0016515387327394326]
[0.003867320494391202, -0.0038568514848097424]
[-0.004645783181381154, -0.0019365256124275476]
[0.001600987488754535, 0.000788526993609151]
[-0.0019135562655114985, -0.0015256755337177408]
[-0.002528923570295133, 0.0018125483805148945]
[-0.0006595122204565082, -0.0015370376167438415]
[-0.004256655478873939, 0.0004082877969795451]
[0.002132539624616292, -0.0007486775945543256]
[0.001213232083507515, -0.003036452264765066]
[0.0013491994184767209, 0.00030069935686094507]
[-0.000667826747252187, 0.0026561194586939285]
[0.002295393938407761, 0.0005589455037895985]
[-0.0014191774655459566, 0.0005202703300039024]
[0.0020530950720442642, -0.0013274381486695352]
[0.0005248538150241511, 0.0021233269807533484]
[0.00267615589655007, 0.00482056707572065]
[0.002943380736199569, -0.0004632754927994531]
[-0.003149811449778689, 0.0011283655455238129]
[-0.00013770329457012814, 0.0057449060886968495]
[0.002156905996255204, -0.0005627024658610424]
[0.0013608275668622535, -0.0006076393364855548]
[-0.0016750502579927773, 0.00012986774171136473]
[-0.001835235011327603, -0.0022927540884740416]
[-0.0010822084267584353, 0.0008285668304259253]
[0.0014330843617253453, -0.001275750286816174]
[0.0006047653042073609, -0.0046895587837612746]
[-0.00223880327671757, -0.0018457366978620882]
[0.0008124496006566284, -0.001790821896087591]
[-0.0004944196074105137, -0.004327597735463096]
[0.00011075855281453273, -0.002403672479470348]
[-0.000459397516515761, -0.0011945039759464204]
[0.0005293135889104239, 0.0026207867701515675]
[-0.0010793215727799843, 0.001163809650775352]
[0.00048060220013187993, -0.001916760375144759]
[-0.002150879726997422, 0.0032953446152798327]
[-0.0006452845149292896, 0.005443573892729734]
[0.0007024714307051413, -0.0007092985709996336]
[-0.0035616408515302816, 0.002042784951585836]
[-0.001639167755279912, 0.004033439590944939]
[0.0012663813396662504, 0.004984574718499509]
[0.0012197709951269967, 0.0007557973309848462]
[-0.0019010950735578597, -0.0007129765329829917]
[0.0002925559272139583, -0.0025990674829198673]
[-0.002965758032891848, 0.0018295022932273584]
[0.003855804003655882, -0.0012045286106603208]
[-0.0032556447269151273, -0.0022940148439126555]
[0.0020378958046588444, -0.0014646699960228792]
[0.00032880487786181994, -0.0008947850704941595]
[-0.0009284091183709084, -0.0030531808531067206]
[0.0003576728794857098, -0.0017694092097202338]
[0.0008376069049104151, 0.0008129855770886612]
[0.0006499639833995735, -0.00434490319965497]
[-0.0007743261686159464, -0.002202792058415078]
[0.00545350285226244, -0.008232675938817803]
[-0.004430933271833193, 0.0016099312022561096]
[0.0008669582447738411, -0.00047594764380932963]
[0.00031759257879046543, -0.0012403039613092595]
[0.0029364764477791405, -0.005037187492480388]
[-0.0024408464681258124, 0.0023766582476744194]
[0.002572205265682817, -0.00023419746205953496]
[0.0005030240206281011, 0.0022541829256930573]
[-0.00168986722764939, 0.0012267359019413893]
[-0.0012070148986216278, 0.0012527283374288573]
[-0.002642319522633725, 0.008133698766773473]
[0.002459871224559068, 0.0016270782693814517]
[0.0007709323303628501, 0.004589774581969269]
[0.002299503823328858, 0.0006649620764943021]
[0.00031442402638994643, 0.0052742474015428364]
[0.0002954295650821337, -0.0008249538588673833]
[-0.002676362831688185, 0.0023862510422955063]
[0.00135420022959018, -0.0035591527755513552]
[-0.0024971997164405825, 0.0050447903002456]
[0.0004308908169215475, -0.003217963269681906]
[0.0019902692577835196, -0.0016395745640323811]
[4.423209218235025e-05, -0.00024382380896961764]
[-0.0025226724138336515, -0.0017653354909113184]
[-0.002487728031860509, -0.004560170080270681]
[-0.00644827527300304, -0.0032877159543434342]
[-0.0020153026485055514, 0.00017160599405793842]
[0.0020913922281365765, 0.002687916309566718]
[0.0002272128123634587, 0.0016550073850583047]
[0.0052352186197451855, -0.0036999619703386444]
[-0.003307648776323044, 0.0031898410503539143]
[-0.001776945188759177, -0.006480238582011966]
[3.2597924917297794e-05, 0.002606820895177192]
[-0.0014425662025659425, -0.0029909232026066324]
[0.0009410639117694852, 0.004094395259993444]
[0.0023427584961248915, 0.0007752426898637033]
[0.0012873753636697405, 0.003989625134887154]
[0.00032125960081058613, -0.005977890331674923]
[0.0018671655575290824, 0.001978553972536601]
[-0.006149984447894219, -0.0009135961515164825]
[0.0002823236168192911, -0.0002831099619516886]
[-0.0015536961653816461, 0.004735259791832841]
[0.001999343393156383, -9.098759276826573e-05]
[0.004261814423260901, 0.009594996578552784]
[0.0013250547371275526, -0.0046190858460410655]
[0.0030752259279272776, -0.000513819133650395]
[0.0001978507790679207, -0.001945416688970164]
[-0.0006507712337064098, 0.005784319073512803]
[0.004172117859529555, -0.001154578526017691]
[0.004395312109615551, 0.00432188580453307]
[-0.00227204612759057, -0.0026957090639520565]
[0.005197813110820376, -0.00034001298229017346]
[-0.0015738890193977076, -0.0017074351585919384]
[-0.003024736982772891, -0.007026981146171795]
[0.0008539503068017151, 0.0007028805717797654]
[-0.008560040355668472, 0.0024854030999270013]
[-0.0011403600335446185, 0.0021479822950788915]
[-0.0007302944351830487, 0.00161691955990177]
[-0.0038492574252290655, -0.00024893201662817485]
[-0.0009314591238321901, 9.72630974727085e-05]
[-0.0008446657415910504, 0.000747186450647544]
[-0.004465666149326239, -0.004715231984580558]
[0.0031511343096761717, 0.004257781209557124]
[-0.003667059123894395, 0.001614819316240768]
[-0.002699959613647822, -0.0007182794477489799]
[0.0013478805864013295, -0.00316890872681334]
[-0.0007342092563287148, 0.0011622531757778643]
[0.0015618951319955887, -0.0045535582202749225]
[0.002496595096531551, -0.0015475992378859967]
[-0.0029234251061428067, -0.002993221163804183]
[-0.000555990970071793, 0.003510009501563125]
[-0.0020626262890934832, 0.0027417385044534517]
[-0.0011859115508142393, -0.001761499897026288]
[0.005866844954943655, 0.001844398348758089]
[0.0005401187688549025, -0.0034359178101484762]
[0.002714233770845731, 0.0029515781845706607]
[0.004622410030719032, -0.00027564989498061326]
[0.004938193314144634, 0.00035528204830960475]
[0.000302224756649927, 0.000900982310694437]
[0.004795116006187157, 0.0044583422394132155]
[-0.002388288186957549, -0.0008026259180329287]
[0.005270585391021661, -0.0034604693358947225]
[0.0038163726141766385, -0.0013751977155823103]
[-0.0009451831759573759, -0.00045721872951498543]
[0.0003647897132905975, 0.002188094393647602]
[-0.004441996002764993, -0.001463844682522697]
[-0.0024115331730618916, 0.005151742573449247]
[-0.005106841716695794, 0.0023285447320164354]
[-0.0017072874728248089, -0.0024808812797028346]
